EXPORTER_V15
MESH_EXPORT
MATERIALGROUP = 2
MATERIAL 0
DIFFUSE 0.588 0.588 0.588 1
AMBIENT 0.588 0.588 0.588 1
SPECULAR 0.9 0.9 0.9 1
EMISSIVE 0.588 0.588 0.588 0
POWER 0.0
TEXTURE_DIR_PATH texture/map
TEXTURE  
SPECULAR_TEXTURE  
BUMP_TEXTURE  
MATERIAL 1
DIFFUSE 0.588 0.588 0.588 1
AMBIENT 0.588 0.588 0.588 1
SPECULAR 0.9 0.9 0.9 1
EMISSIVE 0.588 0.588 0.588 0
POWER 0.0
TEXTURE_DIR_PATH texture/map
TEXTURE C:\Users\Lee\Desktop\ABresource\map\DM_NagasPit_Deco\Texture2D\Door01_T.tga
SPECULAR_TEXTURE  
BUMP_TEXTURE  
GEOMOBJECT_COUNT = 1
MESH_NAME = Door01_Sm
MATERIAL_COUNT = 1
MATERIAL_ID = 1
VERTEX = 222
95.0 300.0 5.0
-95.0 300.0 5.0
-95.0 300.0 -5.0
95.0 300.0 -5.0
-95.0 300.0 5.0
-95.0 8.2652 5.0
-95.0 8.2652 -5.0
-95.0 300.0 -5.0
-95.0 8.2652 5.0
95.0 8.2652 5.0
95.0 8.2652 -5.0
-95.0 8.2652 -5.0
95.0 8.2652 5.0
95.0 300.0 5.0
95.0 300.0 -5.0
95.0 8.2652 -5.0
95.0 300.0 -5.0
-95.0 300.0 -5.0
-85.0 290.0 -5.0
85.0 290.0 -5.0
-95.0 8.2652 -5.0
-85.0 12.6021 -5.0
95.0 8.2652 -5.0
85.0 12.6021 -5.0
95.0 8.2652 5.0
-95.0 8.2652 5.0
-85.0 12.6021 5.0
85.0 12.6021 5.0
-95.0 300.0 5.0
-85.0 290.0 5.0
95.0 300.0 5.0
85.0 290.0 5.0
85.0 290.0 -5.0
-85.0 290.0 -5.0
-85.0 290.0 5.0
85.0 290.0 5.0
-85.0 290.0 -5.0
-85.0 12.6021 -5.0
-85.0 12.6021 5.0
-85.0 290.0 5.0
-85.0 12.6021 -5.0
85.0 12.6021 -5.0
85.0 12.6021 5.0
-85.0 12.6021 5.0
85.0 12.6021 -5.0
85.0 290.0 -5.0
85.0 290.0 5.0
85.0 12.6021 5.0
60.0 29.7282 -2.5
62.1651 29.7282 -1.25
62.1651 278.947 -1.25
60.0 278.947 -2.5
62.1651 29.7282 1.25
62.1651 278.947 1.25
60.0 29.7282 2.5
60.0 278.947 2.5
60.0 29.7282 2.5
57.8349 29.7282 1.25
57.8349 278.947 1.25
60.0 278.947 2.5
57.8349 29.7282 -1.25
57.8349 278.947 -1.25
30.0 29.7282 -2.5
32.1651 29.7282 -1.25
32.1651 278.947 -1.25
30.0 278.947 -2.5
32.1651 29.7282 1.25
32.1651 278.947 1.25
30.0 29.7282 2.5
30.0 278.947 2.5
30.0 29.7282 2.5
27.8349 29.7282 1.25
27.8349 278.947 1.25
30.0 278.947 2.5
27.8349 29.7282 -1.25
27.8349 278.947 -1.25
0.0 29.7282 -2.5
2.1651 29.7282 -1.25
2.1651 278.947 -1.25
0.0 278.947 -2.5
2.1651 29.7282 1.25
2.1651 278.947 1.25
0.0 29.7282 2.5
0.0 278.947 2.5
0.0 29.7282 2.5
-2.1651 29.7282 1.25
-2.1651 278.947 1.25
0.0 278.947 2.5
-2.1651 29.7282 -1.25
-2.1651 278.947 -1.25
-30.0 29.7282 -2.5
-27.8349 29.7282 -1.25
-27.8349 278.947 -1.25
-30.0 278.947 -2.5
-27.8349 29.7282 1.25
-27.8349 278.947 1.25
-30.0 29.7282 2.5
-30.0 278.947 2.5
-30.0 29.7282 2.5
-32.1651 29.7282 1.25
-32.1651 278.947 1.25
-30.0 278.947 2.5
-32.1651 29.7282 -1.25
-32.1651 278.947 -1.25
-60.0 29.7282 -2.5
-57.8349 29.7282 -1.25
-57.8349 278.947 -1.25
-60.0 278.947 -2.5
-57.8349 29.7282 1.25
-57.8349 278.947 1.25
-60.0 29.7282 2.5
-60.0 278.947 2.5
-60.0 29.7282 2.5
-62.1651 29.7282 1.25
-62.1651 278.947 1.25
-60.0 278.947 2.5
-62.1651 29.7282 -1.25
-62.1651 278.947 -1.25
-85.0 275.069 -3.5
-85.0 275.069 3.5
85.0 275.069 3.5
85.0 275.069 -3.5
-85.0 280.069 -3.5
85.0 280.069 -3.5
85.0 280.069 3.5
-85.0 280.069 3.5
-85.0 275.069 -3.5
85.0 275.069 -3.5
85.0 280.069 -3.5
-85.0 280.069 -3.5
85.0 275.069 3.5
-85.0 275.069 3.5
-85.0 280.069 3.5
85.0 280.069 3.5
-85.0 174.99 -3.5
-85.0 174.99 3.5
85.0 174.99 3.5
85.0 174.99 -3.5
-85.0 179.99 -3.5
85.0 179.99 -3.5
85.0 179.99 3.5
-85.0 179.99 3.5
-85.0 174.99 -3.5
85.0 174.99 -3.5
85.0 179.99 -3.5
-85.0 179.99 -3.5
85.0 174.99 3.5
-85.0 174.99 3.5
-85.0 179.99 3.5
85.0 179.99 3.5
-85.0 103.257 -3.5
-85.0 103.257 3.5
85.0 103.257 3.5
85.0 103.257 -3.5
-85.0 108.257 -3.5
85.0 108.257 -3.5
85.0 108.257 3.5
-85.0 108.257 3.5
-85.0 103.257 -3.5
85.0 103.257 -3.5
85.0 108.257 -3.5
-85.0 108.257 -3.5
85.0 103.257 3.5
-85.0 103.257 3.5
-85.0 108.257 3.5
85.0 108.257 3.5
-85.0 26.724 -3.5
-85.0 26.724 3.5
85.0 26.724 3.5
85.0 26.724 -3.5
-85.0 30.224 -3.5
85.0 30.224 -3.5
85.0 30.224 3.5
-85.0 30.224 3.5
-85.0 26.724 -3.5
85.0 26.724 -3.5
85.0 30.224 -3.5
-85.0 30.224 -3.5
85.0 26.724 3.5
-85.0 26.724 3.5
-85.0 30.224 3.5
85.0 30.224 3.5
-85.0 18.771 -3.5
-85.0 18.771 3.5
85.0 18.771 3.5
85.0 18.771 -3.5
-85.0 23.771 -3.5
85.0 23.771 -3.5
85.0 23.771 3.5
-85.0 23.771 3.5
-85.0 18.771 -3.5
85.0 18.771 -3.5
85.0 23.771 -3.5
-85.0 23.771 -3.5
85.0 18.771 3.5
-85.0 18.771 3.5
-85.0 23.771 3.5
85.0 23.771 3.5
90.0 109.142 6.0
90.0 109.142 -6.0
-90.0 109.142 -6.0
-90.0 109.142 6.0
90.0 139.142 6.0
-90.0 139.142 6.0
-90.0 139.142 -6.0
90.0 139.142 -6.0
90.0 139.142 -6.0
-90.0 139.142 -6.0
-90.0 109.142 -6.0
90.0 109.142 -6.0
90.0 139.142 6.0
90.0 139.142 -6.0
90.0 109.142 -6.0
90.0 109.142 6.0
-90.0 139.142 6.0
90.0 139.142 6.0
90.0 109.142 6.0
-90.0 109.142 6.0
-90.0 139.142 -6.0
-90.0 139.142 6.0
-90.0 109.142 6.0
-90.0 109.142 -6.0
INDEX = 144
14 12 15
12 14 13
16 18 17
21 17 18
17 21 20
23 20 21
20 23 22
19 22 23
22 19 16
18 16 19
8 10 9
10 8 11
4 6 5
6 4 7
0 2 1
2 0 3
218 220 219
220 218 221
214 216 215
216 214 217
210 212 211
212 210 213
206 208 207
208 206 209
202 204 203
204 202 205
198 200 199
200 198 201
194 196 195
196 194 197
190 192 191
192 190 193
186 188 187
188 186 189
182 184 183
184 182 185
178 180 179
180 178 181
174 176 175
176 174 177
170 172 171
172 170 173
166 168 167
168 166 169
162 164 163
164 162 165
158 160 159
160 158 161
154 156 155
156 154 157
150 152 151
152 150 153
146 148 147
148 146 149
142 144 143
144 142 145
138 140 139
140 138 141
134 136 135
136 134 137
130 132 131
132 130 133
126 128 127
128 126 129
122 124 123
124 122 125
118 120 119
120 118 121
44 46 45
46 44 47
40 42 41
42 40 43
36 38 37
38 36 39
32 34 33
34 32 35
52 55 54
55 52 53
49 53 52
53 49 50
48 50 49
50 48 51
60 51 48
51 60 61
57 61 60
61 57 58
56 58 57
58 56 59
66 69 68
69 66 67
63 67 66
67 63 64
62 64 63
64 62 65
74 65 62
65 74 75
71 75 74
75 71 72
70 72 71
72 70 73
80 83 82
83 80 81
77 81 80
81 77 78
76 78 77
78 76 79
88 79 76
79 88 89
85 89 88
89 85 86
84 86 85
86 84 87
94 97 96
97 94 95
91 95 94
95 91 92
90 92 91
92 90 93
102 93 90
93 102 103
99 103 102
103 99 100
98 100 99
100 98 101
108 111 110
111 108 109
105 109 108
109 105 106
104 106 105
106 104 107
116 107 104
107 116 117
113 117 116
117 113 114
112 114 113
114 112 115
31 28 29
25 29 28
29 25 26
24 26 25
26 24 27
30 27 24
27 30 31
28 31 30
FACE-NORMAL = 144
1.0 0.0 0.0
1.0 0.0 0.0
0.0 0.0 -1.0
0.0 0.0 -1.0
0.0 0.0 -1.0
0.0 0.0 -1.0
0.0 0.0 -1.0
0.0 0.0 -1.0
0.0 0.0 -1.0
0.0 0.0 -1.0
0.0 -1.0 0.0
0.0 -1.0 0.0
-1.0 0.0 0.0
-1.0 0.0 0.0
0.0 1.0 0.0
0.0 1.0 0.0
-1.0 0.0 0.0
-1.0 0.0 0.0
0.0 0.0 1.0
0.0 0.0 1.0
1.0 0.0 0.0
1.0 0.0 0.0
0.0 0.0 -1.0
0.0 0.0 -1.0
0.0 1.0 0.0
0.0 1.0 0.0
0.0 -1.0 0.0
0.0 -1.0 0.0
0.0 0.0 1.0
0.0 0.0 1.0
0.0 0.0 -1.0
0.0 0.0 -1.0
0.0 1.0 0.0
0.0 1.0 0.0
0.0 -1.0 0.0
0.0 -1.0 0.0
0.0 0.0 1.0
0.0 0.0 1.0
0.0 0.0 -1.0
0.0 0.0 -1.0
0.0 1.0 0.0
0.0 1.0 0.0
0.0 -1.0 0.0
0.0 -1.0 0.0
0.0 0.0 1.0
0.0 0.0 1.0
0.0 0.0 -1.0
0.0 0.0 -1.0
0.0 1.0 0.0
0.0 1.0 0.0
0.0 -1.0 0.0
0.0 -1.0 0.0
0.0 0.0 1.0
0.0 0.0 1.0
0.0 0.0 -1.0
0.0 0.0 -1.0
0.0 1.0 0.0
0.0 1.0 0.0
0.0 -1.0 0.0
0.0 -1.0 0.0
0.0 0.0 1.0
0.0 0.0 1.0
0.0 0.0 -1.0
0.0 0.0 -1.0
0.0 1.0 0.0
0.0 1.0 0.0
0.0 -1.0 0.0
0.0 -1.0 0.0
-1.0 0.0 0.0
-1.0 0.0 0.0
0.0 1.0 0.0
0.0 1.0 0.0
1.0 0.0 0.0
1.0 0.0 0.0
0.0 -1.0 0.0
0.0 -1.0 0.0
0.499994 0.0 0.866029
0.499994 0.0 0.866029
1.0 0.0 0.0
1.0 0.0 0.0
0.499994 0.0 -0.866029
0.499994 0.0 -0.866029
-0.499994 0.0 -0.866029
-0.499994 0.0 -0.866029
-1.0 0.0 0.0
-1.0 0.0 0.0
-0.499994 0.0 0.866029
-0.499994 0.0 0.866029
0.499994 0.0 0.866029
0.499994 0.0 0.866029
1.0 0.0 0.0
1.0 0.0 0.0
0.499994 0.0 -0.866029
0.499994 0.0 -0.866029
-0.499994 0.0 -0.866029
-0.499994 0.0 -0.866029
-1.0 0.0 0.0
-1.0 0.0 0.0
-0.499994 0.0 0.866029
-0.499994 0.0 0.866029
0.499994 0.0 0.866029
0.499994 0.0 0.866029
1.0 0.0 0.0
1.0 0.0 0.0
0.499994 0.0 -0.866029
0.499994 0.0 -0.866029
-0.499994 0.0 -0.866029
-0.499994 0.0 -0.866029
-1.0 0.0 0.0
-1.0 0.0 0.0
-0.499994 0.0 0.866029
-0.499994 0.0 0.866029
0.499994 0.0 0.866029
0.499994 0.0 0.866029
1.0 0.0 0.0
1.0 0.0 0.0
0.499994 0.0 -0.866029
0.499994 0.0 -0.866029
-0.499994 0.0 -0.866029
-0.499994 0.0 -0.866029
-1.0 0.0 0.0
-1.0 0.0 0.0
-0.499994 0.0 0.866029
-0.499994 0.0 0.866029
0.499994 0.0 0.866029
0.499994 0.0 0.866029
1.0 0.0 0.0
1.0 0.0 0.0
0.499994 0.0 -0.866029
0.499994 0.0 -0.866029
-0.499994 0.0 -0.866029
-0.499994 0.0 -0.866029
-1.0 0.0 0.0
-1.0 0.0 0.0
-0.499994 0.0 0.866029
-0.499994 0.0 0.866029
0.0 0.0 1.0
0.0 0.0 1.0
0.0 0.0 1.0
0.0 0.0 1.0
0.0 0.0 1.0
0.0 0.0 1.0
0.0 0.0 1.0
0.0 0.0 1.0
TEXTURE-VERTEX = 222
0.391846 0.0472717
0.391846 0.944336
0.438965 0.944336
0.438965 0.0472717
0.453613 0.0466919
0.453613 0.950195
0.484619 0.950195
0.484619 0.0466919
0.438965 0.944336
0.438965 0.0472717
0.391846 0.0472717
0.391846 0.944336
0.484619 0.950195
0.484619 0.0466919
0.453613 0.0466919
0.453613 0.950195
0.63916 0.00479889
0.00789642 0.00479889
0.0410767 0.0380859
0.605957 0.0380859
0.00789642 0.974121
0.0410767 0.959473
0.63916 0.974121
0.605957 0.959473
0.00789642 0.974121
0.63916 0.974121
0.605957 0.959473
0.0410767 0.959473
0.63916 0.00479889
0.605957 0.0380859
0.00789642 0.00479889
0.0410767 0.0380859
0.391846 0.0944824
0.391846 0.897461
0.438965 0.897461
0.438965 0.0944824
0.453613 0.0733643
0.453613 0.932129
0.484619 0.932129
0.484619 0.0733643
0.438965 0.897461
0.438965 0.0944824
0.391846 0.0944824
0.391846 0.897461
0.484619 0.932129
0.484619 0.0733643
0.453613 0.0733643
0.453613 0.932129
0.686035 0.983887
0.695801 0.983887
0.695801 0.00529861
0.686035 0.00529861
0.705566 0.983887
0.705566 0.00529861
0.715332 0.983887
0.715332 0.00529861
0.656738 0.983887
0.666504 0.983887
0.666504 0.00529861
0.656738 0.00529861
0.67627 0.983887
0.67627 0.00529861
0.686035 0.983887
0.695801 0.983887
0.695801 0.00529861
0.686035 0.00529861
0.705566 0.983887
0.705566 0.00529861
0.715332 0.983887
0.715332 0.00529861
0.656738 0.983887
0.666504 0.983887
0.666504 0.00529861
0.656738 0.00529861
0.67627 0.983887
0.67627 0.00529861
0.686035 0.983887
0.695801 0.983887
0.695801 0.00529861
0.686035 0.00529861
0.705566 0.983887
0.705566 0.00529861
0.715332 0.983887
0.715332 0.00529861
0.656738 0.983887
0.666504 0.983887
0.666504 0.00529861
0.656738 0.00529861
0.67627 0.983887
0.67627 0.00529861
0.686035 0.983887
0.695801 0.983887
0.695801 0.00529861
0.686035 0.00529861
0.705566 0.983887
0.705566 0.00529861
0.715332 0.983887
0.715332 0.00529861
0.656738 0.983887
0.666504 0.983887
0.666504 0.00529861
0.656738 0.00529861
0.67627 0.983887
0.67627 0.00529861
0.686035 0.983887
0.695801 0.983887
0.695801 0.00529861
0.686035 0.00529861
0.705566 0.983887
0.705566 0.00529861
0.715332 0.983887
0.715332 0.00529861
0.656738 0.983887
0.666504 0.983887
0.666504 0.00529861
0.656738 0.00529861
0.67627 0.983887
0.67627 0.00529861
0.532715 0.952637
0.570313 0.952148
0.570313 0.0435791
0.532715 0.0435791
0.570313 0.952148
0.570313 0.0435791
0.532715 0.0435791
0.532715 0.952637
0.532715 0.952637
0.532715 0.0435791
0.506348 0.0435791
0.506348 0.953125
0.506348 0.0435791
0.506348 0.953125
0.532715 0.952637
0.532715 0.0435791
0.532715 0.952637
0.570313 0.952148
0.570313 0.0435791
0.532715 0.0435791
0.570313 0.952148
0.570313 0.0435791
0.532715 0.0435791
0.532715 0.952637
0.532715 0.952637
0.532715 0.0435791
0.506348 0.0435791
0.506348 0.953125
0.506348 0.0435791
0.506348 0.953125
0.532715 0.952637
0.532715 0.0435791
0.532715 0.952637
0.570313 0.952148
0.570313 0.0435791
0.532715 0.0435791
0.570313 0.952148
0.570313 0.0435791
0.532715 0.0435791
0.532715 0.952637
0.532715 0.952637
0.532715 0.0435791
0.506348 0.0435791
0.506348 0.953125
0.506348 0.0435791
0.506348 0.953125
0.532715 0.952637
0.532715 0.0435791
0.532715 0.952637
0.570313 0.952148
0.570313 0.0435791
0.532715 0.0435791
0.570313 0.952148
0.570313 0.0435791
0.532715 0.0435791
0.532715 0.952637
0.532715 0.952637
0.532715 0.0435791
0.506348 0.0435791
0.506348 0.953125
0.506348 0.0435791
0.506348 0.953125
0.532715 0.952637
0.532715 0.0435791
0.532715 0.952637
0.570313 0.952148
0.570313 0.0435791
0.532715 0.0435791
0.570313 0.952148
0.570313 0.0435791
0.532715 0.0435791
0.532715 0.952637
0.532715 0.952637
0.532715 0.0435791
0.506348 0.0435791
0.506348 0.953125
0.506348 0.0435791
0.506348 0.953125
0.532715 0.952637
0.532715 0.0435791
0.992188 0.0664673
0.934082 0.0663452
0.934082 0.931152
0.992188 0.931152
0.733398 0.0664673
0.733398 0.931152
0.789551 0.931152
0.790039 0.0663452
0.790039 0.0663452
0.789551 0.931152
0.934082 0.931152
0.934082 0.0663452
0.789551 0.00769806
0.790039 0.0663452
0.934082 0.0663452
0.934082 0.00769806
0.928711 0.930664
0.928711 0.0695801
0.79248 0.0695801
0.79248 0.930664
0.789551 0.931152
0.789551 0.992188
0.934082 0.992188
0.934082 0.931152
TEXTURE-FACE = 144
14 12 15
12 14 13
16 18 17
21 17 18
17 21 20
23 20 21
20 23 22
19 22 23
22 19 16
18 16 19
8 10 9
10 8 11
4 6 5
6 4 7
0 2 1
2 0 3
218 220 219
220 218 221
214 216 215
216 214 217
210 212 211
212 210 213
206 208 207
208 206 209
202 204 203
204 202 205
198 200 199
200 198 201
194 196 195
196 194 197
190 192 191
192 190 193
186 188 187
188 186 189
182 184 183
184 182 185
178 180 179
180 178 181
174 176 175
176 174 177
170 172 171
172 170 173
166 168 167
168 166 169
162 164 163
164 162 165
158 160 159
160 158 161
154 156 155
156 154 157
150 152 151
152 150 153
146 148 147
148 146 149
142 144 143
144 142 145
138 140 139
140 138 141
134 136 135
136 134 137
130 132 131
132 130 133
126 128 127
128 126 129
122 124 123
124 122 125
118 120 119
120 118 121
44 46 45
46 44 47
40 42 41
42 40 43
36 38 37
38 36 39
32 34 33
34 32 35
52 55 54
55 52 53
49 53 52
53 49 50
48 50 49
50 48 51
60 51 48
51 60 61
57 61 60
61 57 58
56 58 57
58 56 59
66 69 68
69 66 67
63 67 66
67 63 64
62 64 63
64 62 65
74 65 62
65 74 75
71 75 74
75 71 72
70 72 71
72 70 73
80 83 82
83 80 81
77 81 80
81 77 78
76 78 77
78 76 79
88 79 76
79 88 89
85 89 88
89 85 86
84 86 85
86 84 87
94 97 96
97 94 95
91 95 94
95 91 92
90 92 91
92 90 93
102 93 90
93 102 103
99 103 102
103 99 100
98 100 99
100 98 101
108 111 110
111 108 109
105 109 108
109 105 106
104 106 105
106 104 107
116 107 104
107 116 117
113 117 116
117 113 114
112 114 113
114 112 115
31 28 29
25 29 28
29 25 26
24 26 25
26 24 27
30 27 24
27 30 31
28 31 30
ATTRIBUTE_COUNT = 0
VERTEXWEIGHT = 0
BONEOBJECT_COUNT = 0
