EXPORTER_V15
MESH_EXPORT
MATERIALGROUP = 2
MATERIAL 0
DIFFUSE 0.588 0.588 0.588 1
AMBIENT 0.588 0.588 0.588 1
SPECULAR 0.9 0.9 0.9 1
EMISSIVE 0.588 0.588 0.588 0
POWER 0.0
TEXTURE_DIR_PATH texture/map
TEXTURE  
SPECULAR_TEXTURE  
BUMP_TEXTURE  
MATERIAL 1
DIFFUSE 0.588 0.588 0.588 1
AMBIENT 0.588 0.588 0.588 1
SPECULAR 0.9 0.9 0.9 1
EMISSIVE 0.588 0.588 0.588 0
POWER 0.0
TEXTURE_DIR_PATH texture/map
TEXTURE C:\Users\Lee\Desktop\ABresource\map\DM_SummerIsland\Texture2D\grass01_T.tga
SPECULAR_TEXTURE  
BUMP_TEXTURE  
GEOMOBJECT_COUNT = 1
MESH_NAME = grass01_5
MATERIAL_COUNT = 1
MATERIAL_ID = 1
VERTEX = 910
108.39 22.2548 -50.7789
107.734 19.5877 -46.4467
98.251 38.5504 -43.2953
120.894 -1.7603 -59.5107
165.167 41.9949 -10.3278
171.074 41.5187 -16.2433
177.211 37.3184 -3.0103
145.663 32.0118 -33.0814
154.56 26.3914 -36.4797
139.159 -0.2996 -37.9005
147.661 -0.2996 -39.2074
150.993 56.0481 -7.1345
155.325 55.2023 -12.4213
161.306 64.3117 2.8711
138.96 29.7396 -24.3456
136.302 -0.2996 -31.1876
114.98 -2.8374 -59.875
145.139 33.7369 -97.0812
154.01 33.7369 -94.4541
154.21 39.1016 -103.889
158.129 38.7364 -86.9468
163.469 40.4921 -99.6675
145.046 23.6356 -82.6508
148.083 28.4458 -75.6082
141.196 -0.6035 -75.7365
138.885 27.2651 -86.489
138.009 -0.6035 -75.7735
161.719 12.0632 -46.4816
145.322 7.1217 -51.9016
146.968 7.3941 -56.0348
165.134 13.1166 -52.3765
184.197 12.8534 -42.297
186.094 47.149 -64.7938
174.843 37.885 -58.9019
166.674 40.4575 -64.2754
169.278 36.9746 -74.3212
190.177 48.0272 -78.1524
152.113 19.7431 -67.247
151.738 23.5499 -59.5072
142.908 -0.6035 -72.6697
138.328 -0.5911 -57.247
135.751 -0.2387 -54.3803
154.848 20.3286 -54.7487
138.282 -0.5478 -53.1079
138.6 -0.4527 -52.4379
138.478 -0.9614 -54.8093
103.637 46.9307 -107.529
112.399 37.6667 -98.3354
109.484 40.2392 -89.0019
99.1091 36.7563 -88.7391
89.6706 47.8089 -107.774
110.637 19.5248 -74.1852
118.181 23.3317 -75.9569
124.047 -0.8094 -63.6876
127.512 -0.457 -62.0004
121.899 20.1103 -80.2574
128.039 -0.766 -64.783
144.637 18.107 -12.4926
136.445 7.6801 -25.8167
139.178 7.9524 -27.9165
146.207 19.0655 -14.1312
151.832 20.9508 0.2993
134.175 0.1056 -31.0702
135.499 -0.4031 -33.0262
143.189 59.7812 -90.4399
143.261 46.6414 -81.8381
137.372 47.8706 -75.2933
131.062 47.5387 -81.7955
135.354 64.6601 -97.755
129.658 25.0144 -70.3006
135.076 26.7854 -66.3593
131.032 -0.0731 -62.0014
132.249 -1.1012 -58.7341
139.014 23.6374 -68.8081
133.839 -0.9419 -60.7113
91.7432 42.7787 -5.1196
99.5122 44.0508 -2.2663
90.7847 39.7506 9.3848
106.152 31.6709 -30.9421
113.743 28.2302 -23.6734
113.49 -0.613 -34.6113
118.066 1.1417 -27.542
80.7644 53.4678 -18.3025
87.4015 54.0139 -16.5476
74.4511 62.4645 -5.8947
96.0032 27.2725 -32.9569
106.306 -1.8513 -34.3296
84.6363 42.7787 -32.7537
88.0507 44.0508 -28.0114
74.8398 39.7506 -22.504
110.604 31.6709 -46.6499
111.112 28.2302 -38.7483
117.845 -0.613 -46.8122
116.456 1.1417 -40.0887
85.5859 53.4678 -46.1291
88.9337 54.0139 -42.5755
73.518 62.4645 -39.2429
105.063 27.2725 -51.5961
112.845 -1.8513 -49.0677
221.843 54.443 -30.0135
230.539 42.768 -24.2926
232.949 45.0935 -15.7031
224.587 43.8971 -13.4527
211.454 58.3011 -27.3271
236.078 23.418 -3.9905
241.727 25.6637 -6.9293
246.578 -0.1344 1.5536
249.981 -0.6761 2.2831
241.982 22.1038 -11.435
249.098 -0.8507 -0.1938
-12.3916 22.2548 26.1686
-13.0477 19.5877 30.5008
-22.5307 38.5504 33.6522
0.112 -1.7603 17.4368
39.4265 41.9949 43.2196
45.3338 41.5187 37.3041
51.4701 37.3184 50.5371
19.9223 32.0118 20.4659
28.8195 26.3914 17.0678
13.4179 -0.2996 15.6469
21.9204 -0.2996 14.34
25.2528 56.0481 46.4129
29.5845 55.2023 41.1261
35.5657 64.3117 56.4185
13.2194 29.7396 29.2018
10.5617 -0.2996 22.3597
-5.8014 -2.8374 17.0725
24.3574 33.7369 -31.5374
33.2287 33.7369 -28.9102
33.4286 39.1016 -38.3449
37.3476 38.7364 -21.403
42.6873 40.4921 -34.1237
24.2641 23.6356 -17.1069
27.3015 28.4458 -10.0643
20.4141 -0.6035 -10.1926
18.1035 27.2651 -20.9451
17.2271 -0.6035 -10.2297
40.9377 12.0632 17.6725
24.5407 7.1217 12.2525
26.1865 7.3941 8.1192
44.3519 13.1166 11.7775
63.415 12.8534 21.8571
65.3126 47.149 -4.5902
54.0617 37.885 1.3017
45.8922 40.4575 -4.0718
48.4966 36.9746 -14.1176
69.395 48.0272 -17.9488
31.3307 19.7431 -7.0434
30.9564 23.5499 0.6964
22.1263 -0.6035 -7.1259
17.5461 -0.5911 2.9566
14.9697 -0.2387 5.8233
34.0667 20.3286 5.4549
17.4998 -0.5478 7.0957
17.8186 -0.4527 11.7161
17.6962 -0.9614 9.3447
-21.0131 46.9307 -50.512
-12.2506 37.6667 -41.3187
-15.1664 40.2392 -31.9853
-25.5409 36.7563 -31.7224
-34.9795 47.8089 -50.7575
-14.0129 19.5248 -17.1686
-6.4693 23.3317 -18.9402
-0.6032 -0.8094 -6.671
2.8621 -0.457 -4.9837
-2.7513 20.1103 -23.2407
3.3885 -0.766 -7.7663
17.2103 18.107 41.9513
9.0176 7.6801 28.6273
11.7512 7.9524 26.5275
18.7803 19.0655 40.3127
24.4047 20.9508 54.7432
6.7478 0.1056 23.3738
8.0727 -0.4031 21.4177
-17.9685 59.7812 -23.5792
-11.6214 46.6414 -17.7732
-10.8409 47.8706 -9.0033
-19.8993 47.5387 -8.8123
-28.6609 64.6601 -22.8251
-12.4392 25.0144 0.045
-5.8633 26.7854 -1.2374
-5.4273 -0.0731 4.6922
-2.2059 -1.1012 6.0261
-4.9743 23.6374 -5.7882
-2.5704 -0.9419 3.5152
-34.7999 42.7787 37.3194
-27.0309 44.0508 40.1726
-35.7584 39.7506 51.8237
-20.391 31.6709 11.4968
-12.7999 28.2302 18.7656
-13.0532 -0.613 7.8275
-8.4767 1.1417 14.8969
-45.7788 53.4678 24.1363
-39.1417 54.0139 25.8913
-52.0921 62.4645 36.5442
-30.5399 27.2725 9.4821
-20.237 -1.8513 8.1093
-6.7025 54.443 62.3292
-8.2421 42.768 51.9155
-1.4402 45.0935 44.8051
8.041 43.8971 50.144
4.9646 58.3011 69.0289
7.9704 23.418 35.2362
0.1013 25.6637 32.4849
4.7036 -0.1344 23.4841
2.543 -0.6761 20.319
-4.7674 22.1038 34.9982
0.7422 -0.8507 22.5195
-25.3337 42.7787 25.7782
-21.9192 44.0508 30.5205
-35.1302 39.7506 36.0278
0.634 31.6709 11.8819
1.1425 28.2302 19.7835
7.875 -0.613 11.7197
6.4859 1.1417 18.4432
-24.384 53.4678 12.4027
-21.0362 54.0139 15.9563
-36.452 62.4645 19.289
-4.9071 27.2725 6.9357
2.875 -1.8513 9.4642
15.6271 54.443 -49.7839
17.5791 42.768 -39.4397
11.0651 45.0935 -32.0646
1.3792 43.8971 -37.0227
3.7031 58.3011 -56.0149
2.0419 23.418 -22.1295
10.0141 25.6637 -19.6929
5.7729 -0.1344 -10.5165
8.0575 -0.6761 -7.4397
14.7791 22.1038 -22.3977
9.7695 -0.8507 -9.71
106.163 54.443 -1.7672
110.384 42.768 -11.2816
118.464 45.0935 -15.0646
122.052 43.8971 -7.1833
110.513 58.3011 8.043
129.507 23.418 -20.0666
125.684 25.6637 -25.1588
133.259 -0.1344 -31.3323
133.422 -0.6761 -34.8089
121.197 22.1038 -24.6732
131.123 -0.8507 -33.533
216.383 42.7787 19.8229
219.797 44.0508 24.5653
206.586 39.7506 30.0726
242.35 31.6709 5.9267
242.859 28.2302 13.8283
249.591 -0.613 5.7645
248.202 1.1417 12.488
217.332 53.4678 6.4475
220.68 54.0139 10.0011
205.264 62.4645 13.3338
236.809 27.2725 0.9806
244.591 -1.8513 3.509
276.783 54.443 56.0158
271.123 42.768 47.1405
274.425 45.0935 37.8712
285.26 43.8971 38.8696
290.17 58.3011 57.3629
279.104 23.418 25.2922
270.797 25.6637 25.9968
271.32 -0.1344 15.9011
268.054 -0.6761 13.8952
267.381 22.1038 30.2802
267.31 -0.8507 16.6396
-13.2866 22.2548 -8.8611
-17.5463 19.5877 -7.8348
-24.0417 38.5504 -15.4288
-0.4836 -1.7603 -0.5745
-2.3767 -2.8374 -6.1886
181.712 9.375 35.1704
185.484 8.2427 32.9412
193.919 16.2928 38.2991
167.043 -0.82 30.9982
177.181 26.5439 -34.3953
168.863 26.2429 -35.2352
175.241 23.5879 -48.3535
171.873 20.2338 -4.9002
163.617 16.6813 -9.648
172.248 -0.1894 3.1861
165.862 -0.1894 -2.5774
188.613 35.4265 -25.4286
181.778 34.8919 -25.4447
189.85 40.6496 -39.7442
182.879 18.7976 -5.2261
179.256 -0.1894 1.1575
170.497 -1.2772 35.8113
122.604 21.3242 35.9506
119.033 21.3242 27.4151
111.595 24.715 33.2225
122.248 24.4842 19.4787
109.016 25.5939 23.3792
133.846 14.9394 26.9036
137.385 17.9798 20.099
141.638 -0.3815 25.5179
134.765 17.2335 34.1036
143.623 -0.3815 28.0112
151.34 7.6248 -8.8758
157.502 4.5015 7.2572
153.259 4.6736 8.5936
144.614 8.2906 -7.7965
140.379 8.1243 -28.9403
121.745 29.8016 -16.1941
133.421 23.9461 -11.1979
134.419 25.5721 -1.4707
124.988 23.3706 2.8593
108.812 30.3567 -10.9159
141.318 12.479 11.6924
147.553 14.8853 7.0914
142.932 -0.3815 22.2529
157.78 -0.3736 16.0561
161.63 -0.1509 16.2411
149.276 12.8492 1.6737
161.017 -0.3462 13.4763
161.335 -0.2862 12.8058
159.574 -0.6077 14.3993
140.734 17.7562 74.7173
142.321 13.8234 62.1166
151.398 14.9155 58.4781
158.158 13.4369 66.3524
149.37 18.129 85.6965
162.152 6.1218 48.2207
156.011 7.7379 43.4939
161.813 -2.5105 31.1941
160.931 -2.3609 27.4422
150.329 6.3704 43.3302
158.442 -2.4921 28.7927
188.477 11.445 -17.1163
183.329 4.8544 -2.3468
179.974 5.0265 -3.1384
186.215 12.0508 -17.2976
193.845 13.2424 -30.776
180.691 0.0667 2.7323
178.338 -0.2548 2.9417
128.983 37.7861 33.2651
135.604 29.4808 27.7732
144.398 30.2577 28.2016
143.346 30.0479 37.2007
128.265 40.8699 43.96
153.142 15.8109 31.0244
152.773 16.9303 24.3348
158.706 -0.0462 24.7153
160.469 -0.696 21.707
148.386 14.9405 22.8308
157.931 -0.5954 21.724
227.618 27.0393 19.2174
224.92 27.8433 11.3933
239.465 25.1253 10.7942
198.5 20.0183 24.369
199.336 17.8435 13.8924
191.019 -0.3875 21.0009
193.605 0.7216 12.9866
224.339 33.7955 36.0571
221.505 34.1407 29.8043
237.945 39.4821 33.1088
203.352 17.2382 33.5077
195.777 -1.1701 26.3904
210.693 27.0392 42.1888
212.21 27.8433 36.5457
224.827 25.1253 43.3038
183.513 20.0183 30.8454
189.315 17.8435 25.4579
178.811 -0.3875 25.3361
184.9 0.7216 22.1638
199.727 33.7955 49.9054
200.365 34.1407 45.0652
212.69 39.4821 54.9064
183.181 17.2382 38.2656
180.223 -1.1701 30.6365
48.9287 34.4119 24.8615
47.8672 27.0325 14.507
53.0009 28.5024 7.2107
60.0293 27.7461 12.2692
57.5764 36.8505 31.2158
60.1013 14.8019 -2.6154
54.2538 16.2213 -5.1362
57.7624 -0.0849 -14.2568
56.1771 -0.4274 -17.3553
50.6007 13.9712 -2.4864
54.8153 -0.5377 -15.106
7.2726 34.4119 -26.7619
17.6805 27.0325 -26.8995
24.492 28.5024 -21.1382
18.8293 27.7461 -14.5868
0.1753 36.8505 -18.7127
33.6487 14.8019 -13.1932
36.6789 16.2213 -18.7937
45.4518 -0.0849 -14.489
48.6787 -0.4274 -15.7929
34.3639 13.9712 -22.6676
46.5593 -0.5377 -17.349
22.2971 34.4119 -73.1403
29.7307 27.0325 -65.8543
30.4447 28.5024 -56.9617
21.806 27.7461 -56.361
11.5847 36.8505 -72.5016
31.2627 14.8019 -44.8663
37.3714 16.2213 -46.6642
40.5012 -0.0849 -37.4069
43.7006 -0.4274 -36.0368
38.4877 13.9712 -51.0368
43.3107 -0.5377 -38.637
-90.0013 14.0667 17.3199
-86.2292 12.3809 15.0907
-77.794 24.3667 20.4486
-104.67 -1.1127 13.1477
-109.533 17.129 -33.6149
-117.851 16.9268 -34.4547
-111.473 15.1437 -47.5731
-114.842 12.8909 -4.1198
-123.098 10.5049 -8.8676
-114.466 -0.8259 3.9666
-120.852 -0.8259 -1.7969
-98.1012 23.0948 -24.6482
-104.936 22.7358 -24.6643
-96.8642 26.6029 -38.9638
-103.836 11.9263 -4.4456
-107.459 -0.8259 1.938
-101.216 -1.7934 17.9608
-157.947 12.0456 25.3067
-161.518 12.0456 16.7711
-168.956 14.323 22.5785
-158.302 14.168 8.8347
-171.536 14.9133 12.7353
-146.705 7.7574 16.2596
-143.166 9.7994 9.455
-138.913 -2.5326 14.8739
-145.786 9.2982 23.4597
-136.928 -2.5326 17.3672
-130.288 7.6248 -18.6414
-124.126 4.5015 -2.5085
-128.369 4.6736 -1.172
-137.014 8.2906 -17.5621
-141.249 8.1243 -38.7059
-162.945 29.8016 -23.4633
-151.269 23.9461 -18.4671
-150.27 25.5721 -8.7399
-159.702 23.3706 -4.41
-175.878 30.3567 -18.1851
-143.371 12.479 4.4232
-137.136 14.8853 -0.1778
-137.618 -2.5326 11.6089
-126.91 -0.3736 8.7869
-123.06 -0.1509 8.972
-135.414 12.8492 -5.5955
-123.673 -0.3462 6.2071
-120.294 -0.2862 3.0401
-122.054 -0.6077 4.6336
-138.069 29.6636 91.7551
-136.481 23.8081 79.1544
-127.405 25.4341 75.5159
-120.645 23.2327 83.3901
-129.433 30.2187 102.734
-116.651 12.3411 65.2585
-122.791 14.7473 60.5317
-116.99 -0.5116 48.2319
-117.872 -0.2888 44.48
-128.474 12.7112 60.368
-120.361 -0.4842 45.8305
-96.4766 11.445 -15.5956
-101.625 4.8544 -0.8261
-104.98 5.0265 -1.6177
-98.7386 12.0508 -15.7769
-91.1093 13.2424 -29.2553
-104.262 0.0667 4.253
-106.616 -0.2548 4.4623
-125.032 37.7861 53.0804
-124.543 29.4808 44.4922
-118.24 30.2577 38.3451
-112.367 30.0479 45.2447
-117.69 40.8699 60.8906
-110.217 15.8109 33.8658
-115.367 16.9303 29.5798
-111.047 -0.0462 25.4947
-112.049 -0.696 22.1551
-119.455 14.9405 31.7667
-113.764 -0.5954 24.0244
-54.6297 27.0393 23.7886
-57.3281 27.8433 15.9645
-42.783 25.1253 15.3654
-83.7481 20.0183 28.9402
-82.9119 17.8435 18.4636
-91.2289 -0.3875 25.5722
-88.6423 0.7216 17.5578
-57.9085 33.7956 40.6283
-60.7428 34.1407 34.3755
-44.3026 39.4821 37.68
-78.8958 17.2382 38.079
-86.4706 -1.1701 30.9616
-58.51 34.4119 -18.8986
-65.6077 27.0325 -11.1245
-75.4168 28.5024 -11.9025
-77.2708 27.7461 -22.6245
-60.6907 36.8505 -32.1746
-88.7798 14.8019 -13.1488
-85.9392 16.2213 -5.3114
-95.8232 -0.0849 -3.1902
-96.9108 -0.4274 0.4845
-80.9146 13.9712 -3.1265
-94.0674 -0.5377 0.4895
-82.1251 17.427 27.5969
-80.6075 17.967 21.9537
-67.9906 16.1415 28.7119
-109.305 12.7115 16.2535
-103.503 11.2509 10.866
-114.007 -0.9937 10.7442
-107.918 -0.2488 7.5718
-93.0913 21.9648 35.3135
-92.4529 22.1966 30.4733
-80.128 25.784 40.3145
-109.637 10.8443 23.6736
-112.595 -1.5193 16.0446
-177.972 34.4119 47.0968
-171.189 27.0325 39.047
-161.356 28.5024 39.4347
-159.078 27.7461 50.0746
-175.265 36.8505 60.2757
-147.954 14.8019 40.1492
-151.104 16.2213 32.4309
-141.312 -0.0849 29.9187
-140.371 -0.4274 26.2037
-156.211 13.9712 30.4472
-143.212 -0.5377 26.3117
221.104 21.7298 5.9235
211.062 16.7735 8.6645
203.024 17.7608 4.7935
206.865 17.2529 -2.9677
225.958 23.3677 -3.6472
192.169 8.5591 -0.6039
190.639 9.5124 5.5771
181.067 -1.4394 3.6078
178.27 -1.6694 5.6786
193.85 8.0012 8.7475
180.712 -1.7435 6.6541
91.0033 17.427 -2.4006
92.5208 17.967 -8.0437
105.138 16.1415 -1.2855
63.8232 12.7115 -13.7439
69.6257 11.2509 -19.1314
59.1215 -0.9937 -19.2533
65.2101 -0.2488 -22.4256
80.0371 21.9648 5.3161
80.6755 22.1966 0.4759
93.0003 25.784 10.317
63.4917 10.8443 -6.3238
60.5333 -1.5193 -13.9529
80.8826 21.7298 -72.0837
77.5813 16.7735 -62.0879
68.3107 17.7608 -58.7894
62.2371 17.2529 -67.8178
73.4671 23.3677 -83.3094
55.6051 8.5591 -54.4662
61.4004 9.5124 -48.474
53.2461 -1.4394 -42.4988
53.7551 -1.6694 -38.7006
66.8792 8.0012 -48.5331
56.3523 -1.7435 -39.8579
-116.584 14.0667 40.1507
-113.097 12.3809 42.8034
-114.877 24.3667 52.6364
-118.253 -1.1127 24.9915
-121.407 -1.7934 30.0065
-15.1961 9.3273 30.6402
-17.6734 8.2008 29.4338
-17.7865 16.21 23.1507
-12.2998 -0.8158 39.7829
-50.1247 26.409 57.134
-47.6819 26.1095 61.7892
-56.7757 23.4681 62.9908
-32.8091 20.131 49.694
-32.4379 16.5965 55.6718
-28.6967 -0.1884 46.6935
-29.5068 -0.1884 52.0422
-49.3834 35.2465 48.0274
-47.0224 34.7146 51.619
-57.3233 40.4431 52.3412
-36.7957 18.7021 44.0323
-32.1904 -0.1884 43.7202
-10.9721 -1.2707 36.3018
5.7047 21.2158 61.3822
2.464 21.2158 66.2145
8.0897 24.5895 68.1038
-2.8146 24.3598 67.2789
3.8195 25.4639 72.8697
-2.9396 14.8636 58.6199
-7.7365 17.8885 59.1223
-6.3678 -0.3795 55.0122
0.5196 17.146 55.6418
-5.7479 -0.3795 53.1062
-27.777 7.5861 61.8449
-21.4486 4.4786 53.0191
-19.2763 4.6499 54.7822
-24.8789 8.2485 64.9997
-34.5042 8.083 74.552
-21.3565 29.6502 79.9101
-22.7831 23.8244 72.0518
-18.0255 25.4421 68.1559
-12.484 23.2519 71.6032
-14.1037 30.2024 84.8659
-13.511 12.4157 59.9728
-18.0865 14.8096 58.2965
-8.5297 -0.3795 55.4648
-16.9282 -0.3717 49.8231
-18.1658 -0.1501 47.7391
-21.5261 12.7839 59.271
-19.404 -0.3445 49.0191
-19.8659 -0.2847 49.0848
-18.4195 -0.6046 49.4561
19.7591 17.666 38.4301
12.5976 13.7532 41.9656
7.5421 14.8397 38.465
9.33 13.3687 32.1884
22.5258 18.0369 30.0929
-1.5679 6.0907 36.3786
-1.9193 7.6986 41.2389
-10.3839 -2.4977 42.4589
-12.0466 -2.3489 44.2226
-0.0352 6.338 44.2771
-10.4751 -2.4794 45.0604
-44.9751 11.3868 45.2169
-35.4409 4.8297 42.7981
-34.6932 5.001 44.8328
-44.286 11.9895 46.4666
-54.0026 13.1751 47.1363
-31.8618 0.0664 42.4209
-30.9362 -0.2535 43.583
2.0841 37.5941 58.966
-3.0927 29.331 57.3962
-5.9167 30.104 52.6336
-0.8304 29.8953 50.0657
7.9443 40.6622 55.635
-7.4669 15.7306 47.0673
-10.8487 16.8443 49.5802
-12.706 -0.046 46.3353
-14.8955 -0.6925 46.4533
-10.1173 14.8646 52.4029
-14.007 -0.5923 47.7786
-39.4809 26.9019 12.0848
-42.6505 27.7018 16.213
-48.0073 24.9976 8.7893
-26.6833 19.9166 25.5766
-32.47 17.7529 28.7698
-25.857 -0.3855 30.6692
-30.9586 0.7179 32.0904
-29.5088 33.6239 7.9672
-31.8069 33.9673 11.622
-35.7726 39.2816 1.8506
-23.5706 17.1506 19.8625
-24.6789 -1.1642 26.3043
-21.5607 26.9019 13.0015
-25.0477 27.7018 14.1616
-25.8758 24.9976 5.1989
-18.0896 19.9166 31.1946
-22.9279 17.7529 30.0179
-19.3503 -0.3855 35.5714
-23.1255 0.7179 33.4766
-13.7103 33.6239 16.08
-16.4712 33.9673 17.423
-15.5805 39.2816 7.5448
-14.0815 17.1506 28.7962
-17.0587 -1.1642 32.9932
95.8417 34.2371 10.3465
90.7769 26.8951 14.4931
85.1691 28.3576 14.329
85.3866 27.6052 8.8877
96.1777 36.6633 3.6063
77.552 14.7267 14.0101
78.2566 16.1389 17.952
72.255 -0.0845 19.273
71.1789 -0.4252 21.1789
80.9133 13.9002 18.95
72.8311 -0.5349 21.1137
83.1975 34.2371 50.0989
79.5171 26.8951 44.6859
80.1785 28.3576 39.1148
85.579 27.6052 39.8146
89.8812 36.6633 51.0322
81.1727 14.7267 31.5561
77.1837 16.1389 31.9078
76.401 -0.0845 25.8126
74.5981 -0.4252 24.5715
75.9537 13.9002 34.4654
74.5164 -0.5349 26.223
53.6553 34.2371 58.2943
54.901 26.8951 51.8682
59.3192 28.3576 48.4107
62.6292 27.6052 52.7349
57.7042 36.6633 63.6933
65.3818 14.7267 43.7883
62.3207 16.1389 41.2065
66.0928 -0.0845 36.3551
65.7025 -0.4252 34.2015
59.6395 13.9002 42.1367
64.4733 -0.5349 35.3075
-60.7783 13.9952 -61.5079
-63.2556 12.318 -62.7142
-63.3687 24.2429 -68.9974
-57.882 -1.107 -52.3651
-80.7311 17.042 -33.6021
-78.2882 16.8408 -28.9469
-87.3821 15.0668 -27.7453
-63.4155 12.8254 -41.0421
-63.0443 10.4516 -35.0644
-59.303 -0.8217 -44.0426
-60.1131 -0.8217 -38.6939
-79.9897 22.9775 -42.7087
-77.6287 22.6203 -39.1171
-87.9296 26.4677 -38.3949
-67.4021 11.8657 -46.7039
-62.7967 -0.8217 -47.016
-56.5543 -1.7843 -55.8463
-39.872 11.9844 -21.561
-43.1127 11.9844 -16.7287
-37.487 14.2502 -14.8393
-48.3913 14.096 -15.6643
-41.7572 14.8375 -10.0735
-48.5163 7.718 -24.3233
-53.3132 9.7496 -23.8209
-51.9445 -2.5198 -27.931
-45.0571 9.2509 -27.3013
-51.3246 -2.5198 -29.837
-65.68 7.5861 -27.9039
-59.3515 4.4786 -36.7296
-57.1792 4.6499 -34.9666
-62.7819 8.2485 -24.749
-72.4072 8.083 -15.1968
-56.8883 29.6502 -9.0977
-58.3148 23.8244 -16.956
-53.5573 25.4421 -20.852
-48.0158 23.2519 -17.4047
-49.6354 30.2024 -4.142
-49.0427 12.4157 -29.0351
-53.6183 14.8096 -30.7114
-54.1064 -2.5198 -27.4784
-52.46 -0.3717 -39.1847
-53.6975 -0.1501 -41.2688
-57.0579 12.7839 -29.7369
-54.9357 -0.3445 -39.9888
-57.7689 -0.2847 -40.664
-56.3225 -0.6046 -40.2927
-5.0602 29.5129 -62.0931
-12.2218 23.6872 -58.5576
-17.2773 25.3049 -62.0582
-15.4894 23.1146 -68.3348
-2.2936 30.0652 -70.4304
-26.3873 12.2784 -64.1446
-26.7386 14.6724 -59.2843
-35.2033 -0.509 -58.0643
-36.866 -0.2874 -56.3006
-24.8545 12.6466 -56.2461
-35.2944 -0.4817 -55.4628
-75.8033 11.3868 -46.6995
-66.2692 4.8297 -49.1183
-65.5215 5.001 -47.0836
-75.1143 11.9895 -45.4498
-84.8309 13.1751 -44.7801
-62.6901 0.0664 -49.4955
-61.7645 -0.2535 -48.3334
-29.8714 37.5941 -55.5257
-34.5468 29.331 -52.8047
-39.9573 30.104 -53.9809
-38.3731 29.8953 -59.454
-28.3188 40.6622 -62.0852
-45.0887 15.7306 -56.6373
-45.5523 16.8443 -52.4496
-49.1932 -0.046 -53.2999
-50.5981 -0.6925 -51.6165
-42.9874 14.8646 -51.0625
-49.0225 -0.5923 -51.3643
-69.6468 26.9019 -82.309
-72.8165 27.7018 -78.1808
-78.1732 24.9976 -85.6046
-56.8493 19.9166 -68.8173
-62.6359 17.7529 -65.624
-56.0229 -0.3855 -63.7247
-61.1246 0.7179 -62.3034
-59.6748 33.6239 -86.4267
-61.9729 33.9673 -82.7719
-65.9385 39.2816 -92.5432
-53.7365 17.1506 -74.5313
-54.8448 -1.1642 -68.0896
-90.6985 34.2371 -65.4745
-84.159 26.8951 -64.4456
-81.1666 28.3576 -59.0293
-86.1494 27.6052 -54.3395
-96.908 36.6633 -59.7279
-77.1878 14.7267 -51.5861
-74.0606 16.1389 -55.7935
-69.5211 -0.0845 -51.343
-67.216 -0.4252 -52.0463
-74.6561 13.9002 -59.1872
-68.1991 -0.5349 -53.5398
-58.1167 17.3385 -69.2031
-61.6036 17.8757 -68.043
-62.4318 16.0595 -77.0057
-54.6456 12.6469 -51.01
-59.4839 11.1937 -52.1867
-55.9062 -0.9886 -46.6332
-59.6814 -0.2475 -48.728
-50.2663 21.8532 -66.1246
-53.0271 22.0838 -64.7816
-52.1364 25.6531 -74.6598
-50.6375 10.7892 -53.4084
-53.6146 -1.5116 -49.2114
-14.6578 34.2371 -25.6751
-21.233 26.8951 -26.4434
-24.4381 28.3576 -31.7365
-19.6455 27.6052 -36.6206
-8.6814 36.6633 -31.6638
-28.7094 14.7267 -39.0159
-31.6671 16.1389 -34.6876
-36.3798 -0.0845 -38.9543
-38.6551 -0.4252 -38.16
-30.9372 13.9002 -31.3202
-37.6134 -0.5349 -36.7066
-44.1974 21.6194 20.1115
-39.2781 16.6883 24.4297
-38.5227 17.6706 29.9889
-43.9262 17.1652 30.6644
-50.9017 23.249 20.8826
-37.5913 8.5156 37.5555
-33.8177 9.4641 36.2156
-31.5327 -1.4321 41.9203
-29.4764 -1.6609 42.6701
-33.2677 7.9605 33.4314
-29.8111 -1.7346 41.0508
66.9518 17.3385 -2.2779
63.4649 17.8757 -1.1178
62.6367 16.0595 -10.0804
70.4229 12.6469 15.9153
65.5846 11.1937 14.7386
69.1623 -0.9886 20.2921
65.3871 -0.2475 18.1973
74.8022 21.8532 0.8006
72.0414 22.0838 2.1437
72.9321 25.6531 -7.7346
74.431 10.7892 13.5168
71.4538 -1.5116 17.7138
-5.931 21.6194 44.765
0.458 16.6883 43.0318
5.4026 17.6706 46.7523
2.7712 17.1652 53.0689
-9.25 23.249 52.5474
12.0756 8.5156 51.9199
13.2104 9.4641 46.8019
19.1723 -1.4321 49.0087
20.9887 -1.6609 47.4249
11.2801 7.9605 43.9477
19.4811 -1.7346 46.4635
-39.584 13.9952 -55.4756
-39.4012 12.318 -58.2249
-33.6247 24.2429 -60.6996
-46.9591 -1.107 -49.3448
-43.2342 -1.7843 -49.4281
269.615 34.2371 -50.2777
264.55 26.8951 -46.1311
258.942 28.3576 -46.2952
259.159 27.6052 -51.7364
269.951 36.6633 -57.0178
251.325 14.7267 -46.6141
252.029 16.1389 -42.6721
246.028 -0.0845 -41.3511
244.952 -0.4252 -39.4452
254.686 13.9002 -41.6741
246.604 -0.5349 -39.5105
256.97 34.2371 -10.5252
253.29 26.8951 -15.9382
253.951 28.3576 -21.5093
259.352 27.6052 -20.8095
263.654 36.6633 -9.5919
254.945 14.7267 -29.068
250.956 16.1389 -28.7163
250.174 -0.0845 -34.8116
248.371 -0.4252 -36.0526
249.727 13.9002 -26.1587
248.289 -0.5349 -34.4011
-39.2833 34.2371 -70.7789
-38.0376 26.8951 -77.205
-33.6194 28.3576 -80.6625
-30.3093 27.6052 -76.3383
-35.2344 36.6633 -65.3799
-27.5568 14.7267 -85.2849
-30.6178 16.1389 -87.8666
-26.8458 -0.0845 -92.7181
-27.2361 -0.4252 -94.8717
-33.299 13.9002 -86.9365
-28.4652 -0.5349 -93.7656
240.725 17.3385 -62.902
237.238 17.8757 -61.7419
236.41 16.0595 -70.7046
244.196 12.6469 -44.7088
239.357 11.1937 -45.8856
242.935 -0.9886 -40.3321
239.16 -0.2475 -42.4268
248.575 21.8532 -59.8235
245.814 22.0838 -58.4805
246.705 25.6531 -68.3587
248.204 10.7892 -47.1073
245.227 -1.5116 -42.9103
207.672 21.6194 -33.4344
214.061 16.6883 -35.1677
219.006 17.6706 -31.4471
216.374 17.1652 -25.1305
204.353 23.249 -25.652
225.679 8.5156 -26.2796
226.814 9.4641 -31.3976
232.776 -1.4321 -29.1907
234.592 -1.6609 -30.7745
224.883 7.9605 -34.2517
233.084 -1.7346 -31.7359
INDEX = 777
55 54 56
46 48 47
48 55 47
55 48 52
54 55 52
52 53 54
53 52 51
48 51 52
51 48 49
48 50 49
42 41 43
32 34 33
34 42 33
42 34 38
41 42 38
38 40 41
40 38 37
34 37 38
37 34 35
34 36 35
17 22 25
25 24 26
24 25 22
22 39 24
39 22 23
18 23 22
22 17 18
17 19 18
23 18 20
18 21 20
11 13 12
12 14 11
14 12 7
7 15 14
15 7 9
7 10 9
10 7 8
7 5 8
5 7 4
4 6 5
44 29 45
29 44 28
27 29 28
29 27 30
30 27 31
3 1 16
0 1 3
0 2 1
852 850 853
849 850 852
849 851 850
756 753 757
753 756 752
751 753 752
753 751 754
754 751 755
624 621 625
621 624 620
619 621 620
621 619 622
622 619 623
565 563 578
562 563 565
562 564 563
560 558 561
557 558 560
557 559 558
464 461 465
461 464 460
459 461 460
461 459 462
462 459 463
314 299 315
299 314 298
297 299 298
299 297 300
300 297 301
295 294 296
294 295 292
292 309 294
309 292 293
288 293 292
292 287 288
287 289 288
287 292 295
293 288 290
288 291 290
273 271 286
270 271 273
270 272 271
268 266 269
265 266 268
265 267 266
227 226 225
226 227 228
229 228 230
228 229 226
229 222 226
222 225 226
225 222 223
222 224 223
220 222 221
222 229 221
908 907 909
899 901 900
901 908 900
908 901 905
907 908 905
905 906 907
906 905 904
901 904 905
904 901 902
901 903 902
894 896 895
895 897 894
897 895 890
890 898 897
898 890 892
890 893 892
893 890 891
890 888 891
888 890 887
887 889 888
172 169 173
169 172 168
167 169 168
169 167 170
170 167 171
113 111 126
110 111 113
110 112 111
62 59 63
59 62 58
57 59 58
59 57 60
60 57 61
738 723 739
723 738 722
721 723 722
723 721 724
724 721 725
446 431 447
431 446 430
429 431 430
431 429 432
432 429 433
719 718 720
718 719 716
716 733 718
733 716 717
712 717 716
716 711 712
711 713 712
711 716 719
717 712 714
712 715 714
697 695 710
694 695 697
694 696 695
606 591 607
591 606 590
589 591 590
591 589 592
592 589 593
427 426 428
426 427 424
424 441 426
441 424 425
420 425 424
424 419 420
419 421 420
419 424 427
425 420 422
420 423 422
405 403 418
402 403 405
402 404 403
885 884 886
876 878 877
878 885 877
885 878 882
884 885 882
882 883 884
883 882 881
878 881 882
881 878 879
878 880 879
874 873 875
865 867 866
867 874 866
874 867 871
873 874 871
871 872 873
872 871 870
867 870 871
870 867 868
867 869 868
863 862 864
854 856 855
856 863 855
863 856 860
862 863 860
860 861 862
861 860 859
856 859 860
859 856 857
856 858 857
847 846 848
838 840 839
840 847 839
847 840 844
846 847 844
844 845 846
845 844 843
840 843 844
843 840 841
840 842 841
833 835 834
834 836 833
836 834 829
829 837 836
837 829 831
829 832 831
832 829 830
829 827 830
827 829 826
826 828 827
332 329 333
329 332 328
327 329 328
329 327 330
330 327 331
154 139 155
139 154 138
137 139 138
139 137 140
140 137 141
596 598 597
599 596 597
596 599 600
602 600 599
600 602 603
603 604 600
604 603 605
594 596 595
596 604 595
604 596 600
824 823 825
815 817 816
817 824 816
824 817 821
823 824 821
821 822 823
822 821 820
817 820 821
820 817 818
817 819 818
813 812 814
804 806 805
806 813 805
813 806 810
812 813 810
810 811 812
811 810 809
806 809 810
809 806 807
806 808 807
799 801 800
800 802 799
802 800 795
795 803 802
803 795 797
795 798 797
798 795 796
795 793 796
793 795 792
792 794 793
579 581 580
584 579 580
579 584 587
587 586 588
586 587 584
584 601 586
601 584 585
580 585 584
585 580 582
580 583 582
127 129 128
132 127 128
127 132 135
135 134 136
134 135 132
132 149 134
149 132 133
128 133 132
133 128 130
128 131 130
692 691 693
691 692 689
689 690 691
690 689 688
685 688 689
688 685 686
685 687 686
683 685 684
685 692 684
692 685 689
790 789 791
781 783 782
783 790 782
790 783 787
789 790 787
787 788 789
788 787 786
783 786 787
786 783 784
783 785 784
767 766 768
758 760 759
760 767 759
767 760 764
766 767 764
764 765 766
765 764 763
760 763 764
763 760 761
760 762 761
749 748 750
740 742 741
742 749 741
749 742 746
748 749 746
746 747 748
747 746 745
742 745 746
745 742 743
742 744 743
736 735 737
726 728 727
728 736 727
736 728 732
735 736 732
732 734 735
734 732 731
728 731 732
731 728 729
728 730 729
681 680 682
672 674 673
674 681 673
681 674 678
680 681 678
678 679 680
679 678 677
674 677 678
677 674 675
674 676 675
670 669 671
661 663 662
663 670 662
670 663 667
669 670 667
667 668 669
668 667 666
663 666 667
666 663 664
663 665 664
656 658 657
657 659 656
659 657 652
652 660 659
660 652 654
652 655 654
655 652 653
652 650 653
650 652 649
649 651 650
318 320 319
321 318 319
318 321 322
323 322 321
322 323 324
324 325 322
325 324 326
316 318 317
318 325 317
325 318 322
644 646 645
645 647 644
647 645 640
640 648 647
648 640 642
640 643 642
643 640 641
640 638 641
638 640 637
637 639 638
152 151 153
151 152 148
148 150 151
150 148 147
144 147 148
147 144 145
144 146 145
142 144 143
144 152 143
152 144 148
635 634 636
626 628 627
628 635 627
635 628 632
634 635 632
632 633 634
633 632 631
628 631 632
631 628 629
628 630 629
617 616 618
608 610 609
610 617 609
617 610 614
616 617 614
614 615 616
615 614 613
610 613 614
613 610 611
610 612 611
573 575 574
574 576 573
576 574 569
569 577 576
577 569 571
569 572 571
572 569 570
569 567 570
567 569 566
566 568 567
87 89 88
88 90 87
90 88 91
93 90 91
90 93 92
98 90 92
90 98 97
97 95 90
95 97 94
94 96 95
406 408 407
407 409 406
409 407 410
412 409 410
409 412 411
417 409 411
409 417 416
416 414 409
414 416 413
413 415 414
555 554 556
546 548 547
548 555 547
555 548 552
554 555 552
552 553 554
553 552 551
548 551 552
551 548 549
548 550 549
541 543 542
542 544 541
544 542 537
537 545 544
545 537 539
537 540 539
540 537 538
537 535 538
535 537 534
534 536 535
507 509 508
508 510 507
510 508 503
503 511 510
511 503 505
503 506 505
506 503 504
503 501 504
501 503 500
500 502 501
769 771 770
770 772 769
772 770 773
775 772 773
772 775 774
780 772 774
772 780 779
779 777 772
777 779 776
776 778 777
532 531 533
523 525 524
525 532 524
532 525 529
531 532 529
529 530 531
530 529 528
525 528 529
528 525 526
525 527 526
521 520 522
512 514 513
514 521 513
521 514 518
520 521 518
518 519 520
519 518 517
514 517 518
517 514 515
514 516 515
498 497 499
489 491 490
491 498 490
498 491 495
497 498 495
495 496 497
496 495 494
491 494 495
494 491 492
491 493 492
484 486 485
485 487 484
487 485 480
480 488 487
488 480 482
480 483 482
483 480 481
480 478 481
478 480 477
477 479 478
231 233 232
233 240 232
240 233 237
239 240 237
237 238 239
238 237 236
233 236 237
236 233 234
233 235 234
240 239 241
156 158 157
158 165 157
165 158 162
164 165 162
162 163 164
163 162 161
158 161 162
161 158 159
158 160 159
165 164 166
334 336 335
336 343 335
343 336 340
342 343 340
340 341 342
341 340 339
336 339 340
339 336 337
336 338 337
343 342 344
705 707 706
706 708 705
708 706 701
701 709 708
709 701 703
701 704 703
704 701 702
701 699 702
699 701 698
698 700 699
475 474 476
466 468 467
468 475 467
475 468 472
474 475 472
472 473 474
473 472 471
468 471 472
471 468 469
468 470 469
457 456 458
448 450 449
450 457 449
457 450 454
456 457 454
454 455 456
455 454 453
450 453 454
453 450 451
450 452 451
444 443 445
434 436 435
436 444 435
444 436 440
443 444 440
440 442 443
442 440 439
436 439 440
439 436 437
436 438 437
400 399 401
391 393 392
393 400 392
400 393 397
399 400 397
397 398 399
398 397 396
393 396 397
396 393 394
393 395 394
389 388 390
380 382 381
382 389 381
389 382 386
388 389 386
386 387 388
387 386 385
382 385 386
385 382 383
382 384 383
378 377 379
369 371 370
371 378 370
378 371 375
377 378 375
375 376 377
376 375 374
371 374 375
374 371 372
371 373 372
364 366 365
365 367 364
367 365 360
360 368 367
368 360 362
360 363 362
363 360 361
360 358 361
358 360 357
357 359 358
64 66 65
66 73 65
73 66 70
72 73 70
70 71 72
71 70 69
66 69 70
69 66 67
66 68 67
73 72 74
82 84 83
83 85 82
85 83 78
78 86 85
86 78 80
78 81 80
81 78 79
78 76 79
76 78 75
75 77 76
352 354 353
353 355 352
355 353 348
348 356 355
356 348 350
348 351 350
351 348 349
348 346 349
346 348 345
345 347 346
99 101 100
101 108 100
108 101 105
107 108 105
105 106 107
106 105 104
101 104 105
104 101 102
101 103 102
108 107 109
121 123 122
122 124 121
124 122 117
117 125 124
125 117 119
117 120 119
120 117 118
117 115 118
115 117 114
114 116 115
312 311 313
302 304 303
304 312 303
312 304 308
311 312 308
308 310 311
310 308 307
304 307 308
307 304 305
304 306 305
281 283 282
282 284 281
284 282 277
277 285 284
285 277 279
277 280 279
280 277 278
277 275 278
275 277 274
274 276 275
174 176 175
176 183 175
183 176 180
182 183 180
180 181 182
181 180 179
176 179 180
179 176 177
176 178 177
183 182 184
192 194 193
193 195 192
195 193 188
188 196 195
196 188 190
188 191 190
191 188 189
188 186 189
186 188 185
185 187 186
263 262 264
254 256 255
256 263 255
263 256 260
262 263 260
260 261 262
261 260 259
256 259 260
259 256 257
256 258 257
249 251 250
250 252 249
252 250 245
245 253 252
253 245 247
245 248 247
248 245 246
245 243 246
243 245 242
242 244 243
197 199 198
199 206 198
206 199 203
205 206 203
203 204 205
204 203 202
199 202 203
202 199 200
199 201 200
206 205 207
215 217 216
216 218 215
218 216 211
211 219 218
219 211 213
211 214 213
214 211 212
211 209 212
209 211 208
208 210 209
FACE-NORMAL = 777
0.919813 0.36912 0.133018
0.711722 0.701867 0.028894
0.825405 0.554696 0.104972
0.777836 0.582379 0.236233
0.803827 0.502287 0.318699
-0.440887 0.319216 0.83888
-0.0171983 0.449684 0.893022
-0.0995922 0.575209 0.811921
-0.169945 0.567035 0.805971
-0.247184 0.779701 0.575296
-0.381178 0.36911 0.847621
-0.223786 0.701871 0.676237
-0.328234 0.554697 0.764574
-0.441311 0.582379 0.6827
-0.527746 0.502286 0.684977
-0.68501 0.319206 -0.654881
-0.853753 0.449681 -0.262474
-0.753094 0.575211 -0.319346
-0.728003 0.567038 -0.38533
-0.484974 0.779705 -0.396056
-0.123845 -0.812548 -0.569586
0.0108331 -0.359162 -0.933213
0.365375 -0.308554 -0.878234
0.841292 -0.267609 -0.469695
0.94201 -0.195421 -0.272815
0.78853 -0.610197 0.0766791
0.167216 -0.808204 -0.564663
0.144164 -0.861524 -0.48682
0.738273 -0.673117 0.0432082
0.630543 -0.759515 0.159852
-0.311351 0.865001 -0.393489
-0.556865 0.617863 -0.55511
-0.692702 0.618744 -0.370567
-0.801804 0.199261 -0.563388
-0.894023 0.236703 -0.380388
-0.149573 0.175243 -0.973097
-0.259642 0.164363 -0.951615
0.186768 0.707665 -0.681416
-0.183067 0.948328 -0.259154
0.258203 0.948896 0.181458
-0.705166 0.699862 -0.113732
-0.717034 0.653509 -0.242464
-0.274295 0.960548 -0.0459233
-0.299878 0.953972 -0.00320649
-0.0610289 0.988095 0.141224
0.0386734 -0.504131 0.862761
0.879272 0.334503 0.339099
0.857727 0.369545 0.357409
-0.110822 -0.504139 -0.856482
-0.904601 0.334502 -0.264208
-0.884664 0.369546 -0.284262
0.700595 0.594717 -0.394306
0.74424 0.584771 -0.322722
0.503352 0.825756 -0.254489
0.417605 0.706736 -0.571078
0.0753732 0.881268 -0.466569
0.700596 0.594717 -0.394304
0.744241 0.584771 -0.32272
0.503348 0.825758 -0.254487
0.417592 0.706724 -0.571103
0.0753723 0.881265 -0.466575
-0.729772 -0.655998 -0.192613
-0.549691 0.467228 0.692487
-0.552803 0.509493 0.659413
0.659828 -0.678463 0.322977
0.665344 0.489643 -0.563531
0.660258 0.532547 -0.529579
-0.0462386 0.76027 0.64796
-0.11462 0.751894 0.649244
-0.0458016 0.918091 0.393713
0.186137 0.845034 0.50127
0.236211 0.947062 0.217433
0.271311 0.840325 0.469302
0.206971 0.806878 0.553273
0.0891466 0.983665 0.156387
0.121536 0.980825 0.15235
0.0942268 0.995193 -0.0267018
-0.668192 -0.520043 0.532048
-0.852574 -0.456587 0.254254
-0.851044 -0.40229 -0.33747
-0.784532 -0.300661 -0.542321
-0.351432 -0.773015 -0.528151
-0.385931 -0.908295 0.161426
-0.322022 -0.937101 0.134694
-0.257293 -0.910748 0.323013
-0.334017 -0.821375 -0.46236
-0.200952 -0.879416 -0.431563
0.438726 -0.808745 -0.391728
-0.238395 0.641429 -0.729203
-0.208153 0.683664 -0.699482
-0.78445 -0.504128 0.36124
0.0175783 0.334496 0.942233
-0.0075068 0.36954 0.929185
-0.364595 0.364696 0.856778
-0.728101 0.332847 0.599234
0.794791 0.151384 0.587698
0.626987 0.289816 0.723114
0.654871 0.380387 0.653031
-0.379679 0.511408 0.770913
-0.439416 0.518985 0.73319
-0.367073 0.762226 0.533169
0.712017 0.528574 0.462215
0.753467 0.354547 0.553699
0.516458 0.222278 -0.826961
0.349887 0.67987 -0.644481
0.459118 0.491624 -0.739944
0.553022 0.522246 -0.649173
0.639879 0.411018 -0.649322
0.614319 0.465211 0.637331
0.818917 0.503762 0.274953
0.695281 0.663182 0.277082
0.664208 0.670597 0.330344
0.428838 0.868633 0.248141
0.245286 0.904479 0.348931
0.359253 0.698833 0.618522
0.59238 0.630444 0.501623
0.556549 0.144451 0.818161
0.754036 0.136515 0.64249
-0.413167 0.312722 0.855277
-0.305544 0.280369 0.909965
-0.351798 0.844855 0.403061
0.215337 0.954753 0.205124
0.0819817 0.975279 -0.205206
-0.585318 0.594714 -0.551106
-0.529992 0.584766 -0.614131
-0.393012 0.825759 -0.404554
-0.669676 0.706707 -0.228251
-0.467854 0.881246 0.0672178
0.038674 -0.50413 0.862761
0.879272 0.334503 0.339099
0.857729 0.369542 0.357408
-0.585301 0.594717 -0.551121
-0.52999 0.584771 -0.614128
-0.393012 0.825759 -0.404554
-0.669658 0.706719 -0.228268
-0.467838 0.881255 0.0672104
0.318863 0.699858 -0.63916
0.44524 0.653519 -0.612106
0.125628 0.960548 -0.248124
0.092499 0.953975 -0.285266
-0.116589 0.988097 -0.100361
0.271322 0.840324 0.469297
0.206982 0.806878 0.553269
0.0891499 0.983664 0.156386
0.121536 0.980825 0.15235
0.094227 0.995193 -0.0267019
0.825117 -0.497158 0.268358
0.690404 -0.434904 0.578101
0.189359 -0.382143 0.904494
-0.020075 -0.284427 0.958488
-0.2558 -0.753693 0.605404
0.365075 -0.898208 0.244831
0.30565 -0.929818 0.204979
0.43234 -0.900889 0.0384747
-0.209885 -0.804646 0.555421
-0.261099 -0.866823 0.424789
-0.835032 -0.504132 -0.220391
-0.585893 0.334499 0.738133
-0.596945 0.369545 0.712105
0.318864 0.69986 -0.639157
0.445261 0.653514 -0.612096
0.125634 0.960549 -0.248118
0.0924955 0.953973 -0.285271
-0.116591 0.988096 -0.100362
-0.579591 -0.671632 0.461503
-0.761446 -0.607154 0.227077
-0.777883 -0.54748 -0.308485
-0.744642 -0.424904 -0.514747
-0.267409 -0.875779 -0.401875
-0.272626 -0.955339 0.114032
-0.223899 -0.970103 0.0936502
-0.181507 -0.956624 0.227872
-0.247527 -0.906271 -0.342642
-0.144236 -0.93981 -0.309764
0.547995 -0.678463 -0.489275
-0.270952 0.489632 -0.828762
-0.241419 0.532545 -0.811242
-0.669926 0.122117 -0.732316
-0.638926 0.442411 -0.629322
-0.647498 0.291254 -0.704214
-0.540464 0.324836 -0.776132
-0.496978 0.249967 -0.830981
0.935384 0.281491 -0.214053
0.693033 0.349659 -0.630431
0.683243 0.488062 -0.543116
0.73234 0.487086 -0.475842
0.599604 0.728043 -0.332309
-0.991671 0.122119 -0.0409437
-0.896762 0.442408 0.00965957
-0.955925 0.291264 -0.037043
-0.931505 0.32484 -0.163641
-0.939765 0.24996 -0.233157
0.507403 0.28151 -0.814429
0.0412663 0.349662 -0.935967
0.0963024 0.488064 -0.867479
0.178641 0.487087 -0.854888
0.186901 0.72804 -0.659565
0.047291 0.122115 0.991389
0.089264 0.442408 0.892361
0.0480007 0.291263 0.955438
-0.0802682 0.324839 0.942357
-0.148774 0.249959 0.956758
-0.856249 0.281489 -0.43313
-0.935936 0.349656 0.0420044
-0.872607 0.488058 -0.0188953
-0.867378 0.48708 -0.102024
-0.673559 0.728037 -0.127596
0.516476 0.222297 -0.826944
0.349882 0.679857 -0.644497
0.459104 0.491619 -0.739956
0.553044 0.522252 -0.649149
0.639894 0.411036 -0.649296
0.614319 0.465206 0.637334
0.818923 0.50376 0.274938
0.695286 0.663181 0.277069
0.664201 0.6706 0.330352
0.42884 0.86863 0.248149
0.245298 0.904476 0.34893
0.359272 0.698828 0.618517
0.59238 0.630442 0.501626
0.556549 0.144451 0.818161
0.754047 0.136515 0.642477
-0.413184 0.312727 0.855267
-0.305519 0.280362 0.909976
-0.351784 0.844863 0.403058
0.215337 0.954753 0.205124
0.0819809 0.975279 -0.205208
-0.0462118 0.760273 0.647958
-0.114624 0.751894 0.649243
-0.0458029 0.918092 0.393713
0.186137 0.845034 0.501269
0.236211 0.947063 0.217433
-0.705166 0.699861 -0.113733
-0.717033 0.653519 -0.242439
-0.274299 0.960548 -0.0459167
-0.299876 0.953973 -0.00320977
-0.0610281 0.988095 0.141221
0.522659 0.77971 -0.344789
0.584903 0.567037 -0.579964
0.529409 0.575208 -0.623588
0.505147 0.449685 -0.736621
0.829343 0.319225 -0.458568
-0.496409 0.502292 -0.708012
-0.695378 0.369107 -0.616612
-0.578718 0.701875 -0.415279
-0.631887 0.554702 -0.541318
-0.520012 0.582384 -0.624833
0.961612 0.180193 -0.206961
0.778024 0.591982 -0.210322
0.889913 0.412876 -0.193878
0.887534 0.455307 -0.0705616
0.933372 0.358787 -0.00938063
-0.274297 0.400263 0.874386
0.181518 0.485729 0.855055
0.10928 0.639837 0.760701
0.0363166 0.638843 0.76848
-0.0122458 0.845156 0.534379
-0.797978 0.151383 0.583365
-0.653523 0.528576 0.541771
-0.75321 0.354548 0.554049
-0.818613 0.380386 0.430325
-0.877191 0.289816 0.38281
-0.354836 0.332848 -0.873672
-0.709058 0.364696 -0.603518
-0.622602 0.511409 -0.592307
-0.568782 0.518986 -0.638076
-0.399436 0.762226 -0.509374
0.245287 0.904478 0.348933
0.359253 0.698833 0.618522
0.592373 0.630447 0.501628
0.556538 0.14446 0.818167
0.75402 0.136526 0.642506
-0.413183 0.312727 0.855267
-0.305519 0.280361 0.909976
-0.351784 0.844862 0.40306
0.215337 0.954753 0.205125
0.0819814 0.975279 -0.205206
0.421678 -0.86152 0.282791
0.489093 -0.808209 0.328002
0.580594 -0.812553 0.05165
0.887516 -0.359158 0.288653
0.729311 -0.308552 0.610656
0.197438 -0.26761 0.943082
-0.0205375 -0.195418 0.980505
-0.308357 -0.6102 0.729775
-0.261422 -0.673118 0.691788
-0.340626 -0.75951 0.554183
0.14417 -0.861523 -0.486819
0.167222 -0.808205 -0.56466
-0.123848 -0.81255 -0.569583
0.0108635 -0.359159 -0.933213
0.365377 -0.308554 -0.878234
0.841285 -0.26761 -0.469706
0.942013 -0.195417 -0.272808
0.788533 -0.610193 0.076685
0.738271 -0.673118 0.0432106
0.630544 -0.759514 0.159853
-0.669863 0.122167 -0.732365
-0.496994 0.249953 -0.830975
0.935383 0.281495 -0.214052
0.693032 0.349659 -0.630432
0.68324 0.488062 -0.543119
0.732347 0.487085 -0.475831
0.599614 0.728036 -0.332304
-0.638926 0.44241 -0.629322
-0.647498 0.291258 -0.704212
-0.540485 0.324834 -0.776118
0.820513 0.151374 -0.55122
0.674527 0.528574 -0.515386
0.77462 0.354549 -0.523696
0.835063 0.380389 -0.397459
0.891706 0.289822 -0.347654
0.319849 0.332846 0.887079
0.684535 0.364695 0.631197
0.598594 0.511404 0.616564
0.542985 0.518983 0.66017
0.378884 0.762226 0.524841
-0.160599 0.0434523 0.986063
-0.143876 0.382017 0.912887
-0.177296 0.218997 0.959482
-0.313207 0.238324 0.919295
-0.376925 0.151858 0.91371
-0.788653 0.199285 -0.581645
-0.962588 0.21575 -0.163941
-0.911214 0.361732 -0.197077
-0.889436 0.367706 -0.27147
-0.738226 0.631265 -0.237752
-0.401256 0.369105 0.838305
-0.239834 0.701872 0.670712
-0.346357 0.554695 0.756538
-0.457449 0.582376 0.671996
-0.543912 0.502286 0.672212
-0.66922 0.319215 -0.671004
-0.847257 0.449684 -0.282737
-0.745274 0.57521 -0.337195
-0.718613 0.567036 -0.402573
-0.475404 0.779699 -0.407506
-0.695378 0.369103 -0.616614
-0.578733 0.701865 -0.415276
-0.6319 0.554698 -0.541306
-0.520012 0.582384 -0.624833
-0.496409 0.50229 -0.708014
0.829375 0.319202 -0.458527
0.505137 0.449683 -0.736628
0.529401 0.575212 -0.623591
0.584902 0.56704 -0.579962
0.52266 0.779709 -0.344792
-0.991671 0.122119 -0.0409438
-0.896766 0.4424 0.00967299
-0.955929 0.291254 -0.0370291
-0.931505 0.324836 -0.163647
-0.939764 0.249961 -0.233158
0.507437 0.281497 -0.814412
0.0412648 0.349657 -0.935969
0.096303 0.488064 -0.867479
0.178638 0.487088 -0.854888
0.186898 0.728041 -0.659565
0.0472326 0.122155 0.991387
0.0892656 0.442407 0.892361
0.0480001 0.291256 0.95544
-0.0802747 0.324835 0.942358
-0.148778 0.24996 0.956758
-0.856249 0.281488 -0.43313
-0.935935 0.349657 0.0420283
-0.872604 0.488063 -0.018876
-0.867375 0.487085 -0.102023
-0.673562 0.728034 -0.127593
0.330464 0.818418 0.470092
0.419916 0.54862 0.722971
0.669949 0.478878 0.567314
0.559752 0.0975819 0.822895
0.757907 0.0921642 0.645819
-0.424742 0.215914 0.87919
-0.312331 0.192499 0.930265
-0.451083 0.727604 0.516833
0.304647 0.907182 0.290191
0.118601 0.947532 -0.296845
0.310274 0.946507 -0.0886321
0.466485 0.851167 -0.240638
0.437338 0.856086 -0.275413
0.507351 0.764491 -0.397678
0.767748 0.621537 -0.155742
-0.178089 0.807369 -0.562529
-0.375733 0.683183 -0.626168
-0.237403 0.91839 -0.316544
-0.284208 0.8435 -0.455777
-0.193445 0.860301 -0.471658
0.5091 0.825833 0.242523
0.72697 0.55451 0.40501
0.834516 0.51041 0.207522
0.893301 0.100062 0.43818
0.964951 0.100123 0.242581
0.308763 0.243219 0.919516
0.411239 0.209416 0.887145
0.0348521 0.796885 0.603125
0.38044 0.917718 0.114278
-0.109528 0.956757 -0.269481
-0.381178 0.369111 0.84762
-0.527745 0.502287 0.684977
-0.685009 0.319209 -0.654881
-0.853753 0.449686 -0.262465
-0.753097 0.575212 -0.319337
-0.728003 0.567038 -0.38533
-0.484972 0.779706 -0.396056
-0.223785 0.701869 0.676239
-0.328233 0.554695 0.764576
-0.441313 0.582378 0.6827
-0.831342 0.0434455 0.55406
-0.766387 0.382027 0.516437
-0.823269 0.218999 0.523705
-0.886413 0.238324 0.39683
-0.925723 0.15186 0.346374
-0.111314 0.199284 -0.973599
-0.535616 0.215748 -0.816436
-0.476364 0.361727 -0.801393
-0.407045 0.367703 -0.836128
-0.328741 0.631264 -0.70245
-0.371645 0.509004 0.776398
-0.189643 0.826301 0.530342
-0.295436 0.704476 0.645315
-0.384868 0.729536 0.565379
-0.475765 0.654153 0.587989
-0.631233 0.448299 -0.632908
-0.759005 0.599791 -0.253301
-0.629279 0.723144 -0.28473
-0.609247 0.715776 -0.341296
-0.360423 0.880143 -0.30894
0.468434 0.865003 -0.179831
0.695923 0.617863 -0.365974
0.560282 0.618743 -0.550673
0.776865 0.19926 -0.597307
0.629693 0.236702 -0.739905
0.973424 0.175239 0.147432
0.985744 0.16436 0.0359698
0.594708 0.707663 0.381491
0.301961 0.948327 -0.0974409
-0.250203 0.948896 0.192342
-0.318719 0.947527 -0.0246956
0.186117 0.907176 -0.377348
0.627841 0.727599 0.276432
0.981079 0.192501 0.0206992
0.965853 0.215913 0.143214
0.390392 0.0921668 -0.916024
0.618512 0.097584 -0.779692
0.341703 0.478878 -0.80865
0.564831 0.548617 -0.616429
0.35014 0.818414 -0.455632
-0.00999145 0.990179 -0.139446
-0.0377451 0.990063 0.135467
-0.356877 0.92071 0.157899
-0.54114 0.36538 0.757407
-0.617877 0.386679 0.684622
0.241181 0.497748 0.833114
0.064489 0.431991 0.899569
0.0909331 0.880274 0.46567
-0.047327 0.879817 0.472951
-0.0515519 0.970991 0.233491
0.390922 0.339372 0.855574
0.264884 0.826236 0.497162
0.311976 0.66615 0.677433
0.199374 0.69584 0.689969
0.168768 0.580716 0.796421
-0.756065 0.63934 0.140036
-0.579269 0.678102 0.452355
-0.476763 0.814095 0.331582
-0.495742 0.81954 0.287393
-0.303545 0.940731 0.15128
-0.285521 0.958337 0.00823653
-0.542288 0.839609 -0.0313155
-0.58952 0.789174 0.172251
-0.974262 0.225039 0.0131028
-0.93867 0.213021 0.271145
-0.453601 0.461978 -0.762117
-0.558702 0.41948 -0.715464
-0.0988744 0.928399 -0.358188
-0.188277 0.981163 0.0432596
0.0808409 0.989899 0.116464
-0.285519 0.958337 0.00823682
-0.542285 0.839611 -0.0313152
-0.589515 0.789181 0.172237
-0.97426 0.225046 0.0130781
-0.938669 0.213029 0.271145
-0.453605 0.461977 -0.762116
-0.558703 0.419479 -0.715464
-0.0988744 0.928399 -0.358188
-0.188276 0.981163 0.0432555
0.0808418 0.989899 0.116464
-0.109524 0.956757 -0.269481
0.380437 0.917718 0.114285
0.0348595 0.796888 0.603121
0.411258 0.209414 0.887137
0.308774 0.24322 0.919512
0.96495 0.100128 0.24258
0.893292 0.100066 0.438196
0.834508 0.510418 0.207533
0.726968 0.554515 0.405008
0.509105 0.825829 0.242526
-0.34904 0.278393 0.894801
-0.205103 0.757977 0.619196
-0.29338 0.582793 0.757813
-0.375828 0.628986 0.680536
-0.463836 0.519596 0.717549
-0.519166 0.568493 -0.638187
-0.698919 0.660266 -0.274885
-0.546763 0.796476 -0.258219
-0.520534 0.795709 -0.309663
-0.304922 0.92856 -0.211659
-0.0460401 0.235459 -0.970793
-0.0769892 0.701786 -0.708215
-0.0431359 0.514435 -0.856444
0.0836258 0.545422 -0.833979
0.154729 0.432067 -0.888469
0.85601 0.487567 0.171831
0.816512 0.526734 -0.236347
0.709481 0.685503 -0.163471
0.713698 0.692751 -0.103587
0.471403 0.881085 -0.0383161
0.00742566 0.235479 0.971851
0.0487946 0.701791 0.71071
0.00907797 0.514434 0.857482
-0.116673 0.545417 0.830005
-0.189886 0.432057 0.881629
-0.848511 0.487567 -0.20569
-0.82526 0.526731 0.203714
-0.715419 0.685501 0.135149
-0.717253 0.692747 0.0751595
-0.472551 0.881086 0.0195619
-0.33941 0.918135 0.204523
-0.610877 0.725517 0.316944
-0.53676 0.684545 0.493241
-0.851656 0.157129 0.499992
-0.728873 0.157224 0.666352
-0.898306 0.36875 -0.238892
-0.936501 0.320909 -0.141364
-0.373685 0.901808 -0.217029
-0.20267 0.964551 0.169014
0.185037 0.982031 0.0370966
-0.48157 0.442411 -0.756547
-0.473136 0.291259 -0.831451
-0.352714 0.324837 -0.877538
-0.298035 0.249961 -0.921246
0.959563 0.281493 0.00110186
0.816737 0.349658 -0.459
0.78762 0.48806 -0.376102
0.820384 0.487083 -0.299534
0.658849 0.728038 -0.189418
-0.488684 0.122122 -0.863872
0.711722 0.701867 0.0288945
0.825405 0.554696 0.104973
0.777836 0.58238 0.236232
0.803828 0.502287 0.318699
-0.440918 0.319199 0.838871
-0.0172069 0.449679 0.893024
-0.0996024 0.575208 0.811921
-0.16994 0.567036 0.805972
-0.247181 0.779703 0.575295
0.919814 0.369119 0.133017
-0.00758567 0.547339 -0.836876
0.0163369 0.334628 -0.942209
0.151231 0.361917 -0.919861
0.217585 0.236189 -0.947033
0.84871 0.306288 0.431138
0.943979 0.329991 0.00310523
0.851273 0.523154 0.040546
0.840534 0.530346 0.110613
0.606806 0.789813 0.0893423
-0.00396303 0.0686379 -0.997634
0.3389 0.931782 -0.130112
0.575056 0.760166 -0.302421
0.462771 0.760906 -0.454824
0.758755 0.289771 -0.583373
0.609277 0.341001 -0.715891
0.95573 0.25618 0.144752
0.969929 0.240799 0.0353933
0.468787 0.83055 0.300709
0.20866 0.975668 -0.0673292
-0.172827 0.975948 0.132875
-0.733149 0.06862 -0.676598
-0.617913 0.547328 -0.56446
-0.678737 0.334626 -0.653714
-0.570483 0.361919 -0.737268
-0.54518 0.23619 -0.804359
0.893745 0.306292 -0.327726
0.645226 0.329997 -0.689047
0.609497 0.523153 -0.595672
0.653492 0.530346 -0.540075
0.47872 0.789814 -0.383432
-0.435673 0.53203 -0.726039
-0.323953 0.84171 -0.431948
-0.364052 0.725682 -0.583825
-0.251051 0.749865 -0.612108
-0.222233 0.676662 -0.701956
0.864886 0.470296 -0.175483
0.615618 0.623032 -0.482541
0.565678 0.743709 -0.356238
0.601061 0.736602 -0.31007
0.435208 0.891705 -0.124325
0.817938 0.532059 -0.218837
0.504466 0.841706 -0.192473
0.661509 0.725679 -0.189196
0.657579 0.749863 -0.0727698
0.736016 0.676659 -0.0203222
-0.0695048 0.470289 0.879771
0.294338 0.623032 0.724705
0.186669 0.743708 0.641914
0.132539 0.7366 0.663215
-0.000342326 0.891698 0.45263
0.969496 0.191105 -0.153483
0.771151 0.615268 -0.163618
0.889486 0.433962 -0.14315
0.878397 0.47745 -0.0214409
0.924832 0.378101 0.0415377
-0.318619 0.420987 0.849266
0.132286 0.508445 0.850872
0.0656283 0.662601 0.746092
-0.00578468 0.661623 0.749814
-0.0397748 0.859314 0.5099
0.574442 0.191077 -0.795931
0.427471 0.615256 -0.662366
0.52539 0.433958 -0.731878
0.603921 0.477451 -0.638217
0.681323 0.378104 -0.626767
0.377883 0.420993 0.824603
0.696823 0.508447 0.505884
0.575512 0.662601 0.479317
0.527819 0.661624 0.532599
0.333672 0.859315 0.387609
-0.843797 0.191081 -0.501493
-0.697705 0.615264 -0.366958
-0.775641 0.433966 -0.458318
-0.689312 0.477463 -0.544866
-0.684781 0.378119 -0.622978
0.7878 0.420987 -0.449601
0.441994 0.50845 -0.738999
0.426307 0.662601 -0.61581
0.48362 0.661623 -0.573033
0.356446 0.859313 -0.366779
-0.405474 0.914032 0.0117081
-0.692601 0.720212 -0.0399854
-0.726671 0.653353 0.212317
-0.988092 0.153293 0.0132787
-0.950583 0.144893 0.274589
-0.482753 0.330223 -0.811112
-0.587816 0.296409 -0.752738
-0.136213 0.85903 -0.493471
-0.274174 0.959614 0.0630047
0.118913 0.97801 0.171338
0.721492 0.382019 0.577504
0.745391 0.219002 0.629627
0.643127 0.238327 0.727728
0.606691 0.15186 0.780297
-0.89609 0.199288 0.39662
-0.619553 0.21575 0.754722
-0.622864 0.361731 0.693679
-0.676689 0.367706 0.637875
-0.57245 0.631259 0.523271
0.776797 0.0434312 0.628251
0.07966 0.82583 -0.558264
0.169779 0.554516 -0.81467
-0.0507897 0.510418 -0.858425
0.151846 0.100065 -0.983326
-0.0562122 0.100126 -0.993386
0.785589 0.243219 -0.568942
0.724125 0.209413 -0.657106
0.565284 0.796885 -0.213137
-0.00438448 0.917717 -0.397211
-0.224568 0.956755 0.184903
-0.339412 0.918131 0.204537
-0.610873 0.725517 0.316953
-0.53676 0.684546 0.49324
-0.851657 0.157133 0.49999
-0.728886 0.157227 0.666337
-0.898309 0.36875 -0.238883
-0.936502 0.320909 -0.141356
-0.373684 0.901809 -0.217026
-0.20267 0.964551 0.169014
0.185037 0.982031 0.0370964
0.825133 0.442409 -0.351327
0.897646 0.291262 -0.330754
0.923414 0.324841 -0.204413
0.95759 0.249961 -0.143318
-0.158074 0.281488 0.946455
0.319223 0.349656 0.880816
0.242203 0.488064 0.83853
0.161305 0.487087 0.858328
0.0790959 0.72804 0.680957
0.932187 0.122151 -0.340744
-0.311351 0.865001 -0.393489
-0.556865 0.617863 -0.55511
-0.692704 0.618744 -0.370564
-0.801806 0.199263 -0.563384
-0.894021 0.236702 -0.380393
-0.149573 0.17524 -0.973098
-0.259623 0.164362 -0.95162
0.186776 0.707658 -0.681421
-0.183066 0.948328 -0.259153
0.258203 0.948896 0.181458
0.817952 0.532022 -0.218877
0.504461 0.84171 -0.192468
0.661507 0.725683 -0.189189
0.657576 0.749867 -0.0727609
0.736013 0.676662 -0.0203119
-0.069482 0.470302 0.879766
0.294335 0.623031 0.724707
0.186667 0.743707 0.641915
0.132545 0.7366 0.663213
-0.00034018 0.8917 0.452626
-0.0742297 0.938882 0.33614
-0.0624172 0.779204 0.623655
0.119959 0.779909 0.61429
0.0680771 0.306245 0.949515
0.25947 0.359647 0.896286
-0.64491 0.27106 0.714575
-0.562136 0.254913 0.78678
-0.488061 0.845676 0.215935
-0.0555307 0.978361 0.199313
-0.0146928 0.978609 -0.205203
0.914256 0.382014 -0.13491
0.968696 0.219001 -0.116907
0.970868 0.238327 0.0247976
0.984541 0.151859 0.0872823
-0.319929 0.199295 0.926243
0.130605 0.215755 0.967674
0.083655 0.361733 0.928521
0.00613488 0.367708 0.929921
-0.00677703 0.631263 0.775539
0.989081 0.0434303 -0.140827
0.0796667 0.825833 -0.558258
0.169791 0.554516 -0.814667
-0.0507965 0.510413 -0.858428
0.151837 0.100065 -0.983327
-0.0562267 0.100126 -0.993385
0.785592 0.243221 -0.568937
0.724125 0.209413 -0.657107
0.565282 0.796886 -0.21314
-0.00438922 0.917716 -0.397212
-0.224566 0.956755 0.184904
-0.956404 0.151366 -0.249761
-0.832874 0.528572 -0.16411
-0.905386 0.35455 -0.233603
-0.850819 0.380392 -0.362504
-0.851012 0.289825 -0.437927
0.452884 0.332846 -0.827109
0.019633 0.364699 -0.930919
0.0655805 0.511405 -0.856834
0.135079 0.518984 -0.844044
0.142349 0.762224 -0.631468
0.350141 0.818418 -0.455624
0.564839 0.548618 -0.616421
0.3417 0.478875 -0.808653
0.618511 0.0975815 -0.779693
0.390387 0.0921638 -0.916026
0.965852 0.215915 0.143212
0.981079 0.192501 0.0206871
0.627839 0.727603 0.276426
0.186121 0.907178 -0.377343
-0.318719 0.947528 -0.0246954
-0.693084 0.528583 -0.490137
-0.730869 0.354555 -0.583199
-0.628406 0.380394 -0.678533
-0.59776 0.289823 -0.747453
0.751324 0.332849 -0.569845
0.398336 0.364698 -0.84162
0.409998 0.511407 -0.755225
0.468196 0.518985 -0.715156
0.387965 0.762224 -0.518168
-0.770824 0.151381 -0.6188
0.350137 0.818417 -0.45563
0.564831 0.548617 -0.616429
0.341706 0.478879 -0.808648
0.61852 0.0975816 -0.779686
0.390393 0.092164 -0.916024
0.965855 0.215913 0.1432
0.981079 0.192501 0.020687
0.627841 0.727602 0.276425
0.186115 0.907176 -0.37735
-0.318715 0.947529 -0.0246918
TEXTURE-VERTEX = 910
0.505371 0.234497
0.996582 0.234497
0.742188 0.00299835
0.505371 0.99707
0.500977 0.23938
0.00329971 0.23938
0.240845 0.00299835
0.500977 0.757813
0.00329971 0.757813
0.449219 0.99707
0.00329971 0.99707
0.996582 0.189941
0.500977 0.189941
0.747559 0.00299835
0.996582 0.757813
0.996582 0.99707
0.996582 0.99707
0.00329971 0.221558
0.51123 0.198853
0.25 3.05176e-005
0.996582 0.199097
0.745605 3.05176e-005
0.505371 0.597656
0.996582 0.598145
0.5 0.99707
0.00329971 0.609375
0.00329971 0.99707
0.49292 0.484863
0.49292 0.740723
0.00329971 0.740723
0.00329971 0.484863
0.236694 0.00289917
0.243896 0.0033989
0.00329971 0.207886
0.503418 0.207886
0.996582 0.207886
0.738281 0.0033989
0.996582 0.602539
0.494385 0.602539
0.996582 0.99707
0.996582 0.99707
0.541504 0.99707
0.00329971 0.602539
0.00329971 0.99707
0.49292 0.99707
0.00329971 0.99707
0.243896 0.0033989
0.00329971 0.207886
0.503418 0.207886
0.996582 0.207886
0.738281 0.0033989
0.996582 0.602539
0.494385 0.602539
0.996582 0.99707
0.541504 0.99707
0.00329971 0.602539
0.00329971 0.99707
0.49292 0.484863
0.49292 0.740723
0.00329971 0.740723
0.00329971 0.484863
0.236694 0.00289917
0.49292 0.99707
0.00329971 0.99707
0.243896 0.0033989
0.00329971 0.207886
0.503418 0.207886
0.996582 0.207886
0.738281 0.0033989
0.996582 0.602539
0.494385 0.602539
0.996582 0.99707
0.541504 0.99707
0.00329971 0.602539
0.00329971 0.99707
0.500977 0.23938
0.00329971 0.23938
0.240845 0.00299835
0.500977 0.757813
0.00329971 0.757813
0.449219 0.99707
0.00329971 0.99707
0.996582 0.189941
0.500977 0.189941
0.747559 0.00299835
0.996582 0.757813
0.996582 0.99707
0.500977 0.23938
0.00329971 0.23938
0.240845 0.00299835
0.500977 0.757813
0.00329971 0.757813
0.449219 0.99707
0.00329971 0.99707
0.996582 0.189941
0.500977 0.189941
0.747559 0.00299835
0.996582 0.757813
0.996582 0.99707
0.243896 0.0033989
0.00329971 0.207886
0.503418 0.207886
0.996582 0.207886
0.738281 0.0033989
0.996582 0.602539
0.494385 0.602539
0.996582 0.99707
0.541504 0.99707
0.00329971 0.602539
0.00329971 0.99707
0.505371 0.234497
0.996582 0.234497
0.742188 0.00299835
0.505371 0.99707
0.500977 0.23938
0.00329971 0.23938
0.240845 0.00299835
0.500977 0.757813
0.00329971 0.757813
0.449219 0.99707
0.00329971 0.99707
0.996582 0.189941
0.500977 0.189941
0.747559 0.00299835
0.996582 0.757813
0.996582 0.99707
0.996582 0.99707
0.00329971 0.221558
0.51123 0.198853
0.25 3.05176e-005
0.996582 0.199097
0.745605 3.05176e-005
0.505371 0.597656
0.996582 0.598145
0.5 0.99707
0.00329971 0.609375
0.00329971 0.99707
0.49292 0.484863
0.49292 0.740723
0.00329971 0.740723
0.00329971 0.484863
0.236694 0.00289917
0.243896 0.0033989
0.00329971 0.207886
0.503418 0.207886
0.996582 0.207886
0.738281 0.0033989
0.996582 0.602539
0.494385 0.602539
0.996582 0.99707
0.996582 0.99707
0.541504 0.99707
0.00329971 0.602539
0.00329971 0.99707
0.49292 0.99707
0.00329971 0.99707
0.243896 0.0033989
0.00329971 0.207886
0.503418 0.207886
0.996582 0.207886
0.738281 0.0033989
0.996582 0.602539
0.494385 0.602539
0.996582 0.99707
0.541504 0.99707
0.00329971 0.602539
0.00329971 0.99707
0.49292 0.484863
0.49292 0.740723
0.00329971 0.740723
0.00329971 0.484863
0.236694 0.00289917
0.49292 0.99707
0.00329971 0.99707
0.243896 0.0033989
0.00329971 0.207886
0.503418 0.207886
0.996582 0.207886
0.738281 0.0033989
0.996582 0.602539
0.494385 0.602539
0.996582 0.99707
0.541504 0.99707
0.00329971 0.602539
0.00329971 0.99707
0.500977 0.23938
0.00329971 0.23938
0.240845 0.00299835
0.500977 0.757813
0.00329971 0.757813
0.449219 0.99707
0.00329971 0.99707
0.996582 0.189941
0.500977 0.189941
0.747559 0.00299835
0.996582 0.757813
0.996582 0.99707
0.243896 0.0033989
0.00329971 0.207886
0.503418 0.207886
0.996582 0.207886
0.738281 0.0033989
0.996582 0.602539
0.494385 0.602539
0.996582 0.99707
0.541504 0.99707
0.00329971 0.602539
0.00329971 0.99707
0.500977 0.23938
0.00329971 0.23938
0.240845 0.00299835
0.500977 0.757813
0.00329971 0.757813
0.449219 0.99707
0.00329971 0.99707
0.996582 0.189941
0.500977 0.189941
0.747559 0.00299835
0.996582 0.757813
0.996582 0.99707
0.243896 0.0033989
0.00329971 0.207886
0.503418 0.207886
0.996582 0.207886
0.738281 0.0033989
0.996582 0.602539
0.494385 0.602539
0.996582 0.99707
0.541504 0.99707
0.00329971 0.602539
0.00329971 0.99707
0.243896 0.0033989
0.00329971 0.207886
0.503418 0.207886
0.996582 0.207886
0.738281 0.0033989
0.996582 0.602539
0.494385 0.602539
0.996582 0.99707
0.541504 0.99707
0.00329971 0.602539
0.00329971 0.99707
0.500977 0.23938
0.00329971 0.23938
0.240845 0.00299835
0.500977 0.757813
0.00329971 0.757813
0.449219 0.99707
0.00329971 0.99707
0.996582 0.189941
0.500977 0.189941
0.747559 0.00299835
0.996582 0.757813
0.996582 0.99707
0.243896 0.0033989
0.00329971 0.207886
0.503418 0.207886
0.996582 0.207886
0.738281 0.0033989
0.996582 0.602539
0.494385 0.602539
0.996582 0.99707
0.541504 0.99707
0.00329971 0.602539
0.00329971 0.99707
0.505371 0.234497
0.996582 0.234497
0.742188 0.00299835
0.505371 0.99707
0.996582 0.99707
0.505371 0.234497
0.996582 0.234497
0.742188 0.00299835
0.505371 0.99707
0.500977 0.23938
0.00329971 0.23938
0.240845 0.00299835
0.500977 0.757813
0.00329971 0.757813
0.449219 0.99707
0.00329971 0.99707
0.996582 0.189941
0.500977 0.189941
0.747559 0.00299835
0.996582 0.757813
0.996582 0.99707
0.996582 0.99707
0.00329971 0.221558
0.51123 0.198853
0.25 3.05176e-005
0.996582 0.199097
0.745605 3.05176e-005
0.505371 0.597656
0.996582 0.598145
0.5 0.99707
0.00329971 0.609375
0.00329971 0.99707
0.49292 0.484863
0.49292 0.740723
0.00329971 0.740723
0.00329971 0.484863
0.236694 0.00289917
0.243896 0.0033989
0.00329971 0.207886
0.503418 0.207886
0.996582 0.207886
0.738281 0.0033989
0.996582 0.602539
0.494385 0.602539
0.996582 0.99707
0.996582 0.99707
0.541504 0.99707
0.00329971 0.602539
0.00329971 0.99707
0.49292 0.99707
0.00329971 0.99707
0.243896 0.0033989
0.00329971 0.207886
0.503418 0.207886
0.996582 0.207886
0.738281 0.0033989
0.996582 0.602539
0.494385 0.602539
0.996582 0.99707
0.541504 0.99707
0.00329971 0.602539
0.00329971 0.99707
0.49292 0.484863
0.49292 0.740723
0.00329971 0.740723
0.00329971 0.484863
0.236694 0.00289917
0.49292 0.99707
0.00329971 0.99707
0.243896 0.0033989
0.00329971 0.207886
0.503418 0.207886
0.996582 0.207886
0.738281 0.0033989
0.996582 0.602539
0.494385 0.602539
0.996582 0.99707
0.541504 0.99707
0.00329971 0.602539
0.00329971 0.99707
0.500977 0.23938
0.00329971 0.23938
0.240845 0.00299835
0.500977 0.757813
0.00329971 0.757813
0.449219 0.99707
0.00329971 0.99707
0.996582 0.189941
0.500977 0.189941
0.747559 0.00299835
0.996582 0.757813
0.996582 0.99707
0.500977 0.23938
0.00329971 0.23938
0.240845 0.00299835
0.500977 0.757813
0.00329971 0.757813
0.449219 0.99707
0.00329971 0.99707
0.996582 0.189941
0.500977 0.189941
0.747559 0.00299835
0.996582 0.757813
0.996582 0.99707
0.243896 0.0033989
0.00329971 0.207886
0.503418 0.207886
0.996582 0.207886
0.738281 0.0033989
0.996582 0.602539
0.494385 0.602539
0.996582 0.99707
0.541504 0.99707
0.00329971 0.602539
0.00329971 0.99707
0.243896 0.0033989
0.00329971 0.207886
0.503418 0.207886
0.996582 0.207886
0.738281 0.0033989
0.996582 0.602539
0.494385 0.602539
0.996582 0.99707
0.541504 0.99707
0.00329971 0.602539
0.00329971 0.99707
0.243896 0.0033989
0.00329971 0.207886
0.503418 0.207886
0.996582 0.207886
0.738281 0.0033989
0.996582 0.602539
0.494385 0.602539
0.996582 0.99707
0.541504 0.99707
0.00329971 0.602539
0.00329971 0.99707
0.505371 0.234497
0.996582 0.234497
0.742188 0.00299835
0.505371 0.99707
0.500977 0.23938
0.00329971 0.23938
0.240845 0.00299835
0.500977 0.757813
0.00329971 0.757813
0.449219 0.99707
0.00329971 0.99707
0.996582 0.189941
0.500977 0.189941
0.747559 0.00299835
0.996582 0.757813
0.996582 0.99707
0.996582 0.99707
0.00329971 0.221558
0.51123 0.198853
0.25 3.05176e-005
0.996582 0.199097
0.745605 3.05176e-005
0.505371 0.597656
0.996582 0.598145
0.5 0.99707
0.00329971 0.609375
0.00329971 0.99707
0.49292 0.484863
0.49292 0.740723
0.00329971 0.740723
0.00329971 0.484863
0.236694 0.00289917
0.243896 0.0033989
0.00329971 0.207886
0.503418 0.207886
0.996582 0.207886
0.738281 0.0033989
0.996582 0.602539
0.494385 0.602539
0.996582 0.99707
0.996582 0.99707
0.541504 0.99707
0.00329971 0.602539
0.00329971 0.99707
0.49292 0.99707
0.00329971 0.99707
0.243896 0.0033989
0.00329971 0.207886
0.503418 0.207886
0.996582 0.207886
0.738281 0.0033989
0.996582 0.602539
0.494385 0.602539
0.996582 0.99707
0.541504 0.99707
0.00329971 0.602539
0.00329971 0.99707
0.49292 0.484863
0.49292 0.740723
0.00329971 0.740723
0.00329971 0.484863
0.236694 0.00289917
0.49292 0.99707
0.00329971 0.99707
0.243896 0.0033989
0.00329971 0.207886
0.503418 0.207886
0.996582 0.207886
0.738281 0.0033989
0.996582 0.602539
0.494385 0.602539
0.996582 0.99707
0.541504 0.99707
0.00329971 0.602539
0.00329971 0.99707
0.500977 0.23938
0.00329971 0.23938
0.240845 0.00299835
0.500977 0.757813
0.00329971 0.757813
0.449219 0.99707
0.00329971 0.99707
0.996582 0.189941
0.500977 0.189941
0.747559 0.00299835
0.996582 0.757813
0.996582 0.99707
0.243896 0.0033989
0.00329971 0.207886
0.503418 0.207886
0.996582 0.207886
0.738281 0.0033989
0.996582 0.602539
0.494385 0.602539
0.996582 0.99707
0.541504 0.99707
0.00329971 0.602539
0.00329971 0.99707
0.500977 0.23938
0.00329971 0.23938
0.240845 0.00299835
0.500977 0.757813
0.00329971 0.757813
0.449219 0.99707
0.00329971 0.99707
0.996582 0.189941
0.500977 0.189941
0.747559 0.00299835
0.996582 0.757813
0.996582 0.99707
0.243896 0.0033989
0.00329971 0.207886
0.503418 0.207886
0.996582 0.207886
0.738281 0.0033989
0.996582 0.602539
0.494385 0.602539
0.996582 0.99707
0.541504 0.99707
0.00329971 0.602539
0.00329971 0.99707
0.243896 0.0033989
0.00329971 0.207886
0.503418 0.207886
0.996582 0.207886
0.738281 0.0033989
0.996582 0.602539
0.494385 0.602539
0.996582 0.99707
0.541504 0.99707
0.00329971 0.602539
0.00329971 0.99707
0.500977 0.23938
0.00329971 0.23938
0.240845 0.00299835
0.500977 0.757813
0.00329971 0.757813
0.449219 0.99707
0.00329971 0.99707
0.996582 0.189941
0.500977 0.189941
0.747559 0.00299835
0.996582 0.757813
0.996582 0.99707
0.243896 0.0033989
0.00329971 0.207886
0.503418 0.207886
0.996582 0.207886
0.738281 0.0033989
0.996582 0.602539
0.494385 0.602539
0.996582 0.99707
0.541504 0.99707
0.00329971 0.602539
0.00329971 0.99707
0.505371 0.234497
0.996582 0.234497
0.742188 0.00299835
0.505371 0.99707
0.996582 0.99707
0.505371 0.234497
0.996582 0.234497
0.742188 0.00299835
0.505371 0.99707
0.500977 0.23938
0.00329971 0.23938
0.240845 0.00299835
0.500977 0.757813
0.00329971 0.757813
0.449219 0.99707
0.00329971 0.99707
0.996582 0.189941
0.500977 0.189941
0.747559 0.00299835
0.996582 0.757813
0.996582 0.99707
0.996582 0.99707
0.00329971 0.221558
0.51123 0.198853
0.25 3.05176e-005
0.996582 0.199097
0.745605 3.05176e-005
0.505371 0.597656
0.996582 0.598145
0.5 0.99707
0.00329971 0.609375
0.00329971 0.99707
0.49292 0.484863
0.49292 0.740723
0.00329971 0.740723
0.00329971 0.484863
0.236694 0.00289917
0.243896 0.0033989
0.00329971 0.207886
0.503418 0.207886
0.996582 0.207886
0.738281 0.0033989
0.996582 0.602539
0.494385 0.602539
0.996582 0.99707
0.996582 0.99707
0.541504 0.99707
0.00329971 0.602539
0.00329971 0.99707
0.49292 0.99707
0.00329971 0.99707
0.243896 0.0033989
0.00329971 0.207886
0.503418 0.207886
0.996582 0.207886
0.738281 0.0033989
0.996582 0.602539
0.494385 0.602539
0.996582 0.99707
0.541504 0.99707
0.00329971 0.602539
0.00329971 0.99707
0.49292 0.484863
0.49292 0.740723
0.00329971 0.740723
0.00329971 0.484863
0.236694 0.00289917
0.49292 0.99707
0.00329971 0.99707
0.243896 0.0033989
0.00329971 0.207886
0.503418 0.207886
0.996582 0.207886
0.738281 0.0033989
0.996582 0.602539
0.494385 0.602539
0.996582 0.99707
0.541504 0.99707
0.00329971 0.602539
0.00329971 0.99707
0.500977 0.23938
0.00329971 0.23938
0.240845 0.00299835
0.500977 0.757813
0.00329971 0.757813
0.449219 0.99707
0.00329971 0.99707
0.996582 0.189941
0.500977 0.189941
0.747559 0.00299835
0.996582 0.757813
0.996582 0.99707
0.500977 0.23938
0.00329971 0.23938
0.240845 0.00299835
0.500977 0.757813
0.00329971 0.757813
0.449219 0.99707
0.00329971 0.99707
0.996582 0.189941
0.500977 0.189941
0.747559 0.00299835
0.996582 0.757813
0.996582 0.99707
0.243896 0.0033989
0.00329971 0.207886
0.503418 0.207886
0.996582 0.207886
0.738281 0.0033989
0.996582 0.602539
0.494385 0.602539
0.996582 0.99707
0.541504 0.99707
0.00329971 0.602539
0.00329971 0.99707
0.243896 0.0033989
0.00329971 0.207886
0.503418 0.207886
0.996582 0.207886
0.738281 0.0033989
0.996582 0.602539
0.494385 0.602539
0.996582 0.99707
0.541504 0.99707
0.00329971 0.602539
0.00329971 0.99707
0.243896 0.0033989
0.00329971 0.207886
0.503418 0.207886
0.996582 0.207886
0.738281 0.0033989
0.996582 0.602539
0.494385 0.602539
0.996582 0.99707
0.541504 0.99707
0.00329971 0.602539
0.00329971 0.99707
0.505371 0.234497
0.996582 0.234497
0.742188 0.00299835
0.505371 0.99707
0.500977 0.23938
0.00329971 0.23938
0.240845 0.00299835
0.500977 0.757813
0.00329971 0.757813
0.449219 0.99707
0.00329971 0.99707
0.996582 0.189941
0.500977 0.189941
0.747559 0.00299835
0.996582 0.757813
0.996582 0.99707
0.996582 0.99707
0.00329971 0.221558
0.51123 0.198853
0.25 3.05176e-005
0.996582 0.199097
0.745605 3.05176e-005
0.505371 0.597656
0.996582 0.598145
0.5 0.99707
0.00329971 0.609375
0.00329971 0.99707
0.49292 0.484863
0.49292 0.740723
0.00329971 0.740723
0.00329971 0.484863
0.236694 0.00289917
0.243896 0.0033989
0.00329971 0.207886
0.503418 0.207886
0.996582 0.207886
0.738281 0.0033989
0.996582 0.602539
0.494385 0.602539
0.996582 0.99707
0.996582 0.99707
0.541504 0.99707
0.00329971 0.602539
0.00329971 0.99707
0.49292 0.99707
0.00329971 0.99707
0.243896 0.0033989
0.00329971 0.207886
0.503418 0.207886
0.996582 0.207886
0.738281 0.0033989
0.996582 0.602539
0.494385 0.602539
0.996582 0.99707
0.541504 0.99707
0.00329971 0.602539
0.00329971 0.99707
0.49292 0.484863
0.49292 0.740723
0.00329971 0.740723
0.00329971 0.484863
0.236694 0.00289917
0.49292 0.99707
0.00329971 0.99707
0.243896 0.0033989
0.00329971 0.207886
0.503418 0.207886
0.996582 0.207886
0.738281 0.0033989
0.996582 0.602539
0.494385 0.602539
0.996582 0.99707
0.541504 0.99707
0.00329971 0.602539
0.00329971 0.99707
0.500977 0.23938
0.00329971 0.23938
0.240845 0.00299835
0.500977 0.757813
0.00329971 0.757813
0.449219 0.99707
0.00329971 0.99707
0.996582 0.189941
0.500977 0.189941
0.747559 0.00299835
0.996582 0.757813
0.996582 0.99707
0.243896 0.0033989
0.00329971 0.207886
0.503418 0.207886
0.996582 0.207886
0.738281 0.0033989
0.996582 0.602539
0.494385 0.602539
0.996582 0.99707
0.541504 0.99707
0.00329971 0.602539
0.00329971 0.99707
0.500977 0.23938
0.00329971 0.23938
0.240845 0.00299835
0.500977 0.757813
0.00329971 0.757813
0.449219 0.99707
0.00329971 0.99707
0.996582 0.189941
0.500977 0.189941
0.747559 0.00299835
0.996582 0.757813
0.996582 0.99707
0.243896 0.0033989
0.00329971 0.207886
0.503418 0.207886
0.996582 0.207886
0.738281 0.0033989
0.996582 0.602539
0.494385 0.602539
0.996582 0.99707
0.541504 0.99707
0.00329971 0.602539
0.00329971 0.99707
0.243896 0.0033989
0.00329971 0.207886
0.503418 0.207886
0.996582 0.207886
0.738281 0.0033989
0.996582 0.602539
0.494385 0.602539
0.996582 0.99707
0.541504 0.99707
0.00329971 0.602539
0.00329971 0.99707
0.500977 0.23938
0.00329971 0.23938
0.240845 0.00299835
0.500977 0.757813
0.00329971 0.757813
0.449219 0.99707
0.00329971 0.99707
0.996582 0.189941
0.500977 0.189941
0.747559 0.00299835
0.996582 0.757813
0.996582 0.99707
0.243896 0.0033989
0.00329971 0.207886
0.503418 0.207886
0.996582 0.207886
0.738281 0.0033989
0.996582 0.602539
0.494385 0.602539
0.996582 0.99707
0.541504 0.99707
0.00329971 0.602539
0.00329971 0.99707
0.505371 0.234497
0.996582 0.234497
0.742188 0.00299835
0.505371 0.99707
0.996582 0.99707
0.243896 0.0033989
0.00329971 0.207886
0.503418 0.207886
0.996582 0.207886
0.738281 0.0033989
0.996582 0.602539
0.494385 0.602539
0.996582 0.99707
0.541504 0.99707
0.00329971 0.602539
0.00329971 0.99707
0.243896 0.0033989
0.00329971 0.207886
0.503418 0.207886
0.996582 0.207886
0.738281 0.0033989
0.996582 0.602539
0.494385 0.602539
0.996582 0.99707
0.541504 0.99707
0.00329971 0.602539
0.00329971 0.99707
0.243896 0.0033989
0.00329971 0.207886
0.503418 0.207886
0.996582 0.207886
0.738281 0.0033989
0.996582 0.602539
0.494385 0.602539
0.996582 0.99707
0.541504 0.99707
0.00329971 0.602539
0.00329971 0.99707
0.500977 0.23938
0.00329971 0.23938
0.240845 0.00299835
0.500977 0.757813
0.00329971 0.757813
0.449219 0.99707
0.00329971 0.99707
0.996582 0.189941
0.500977 0.189941
0.747559 0.00299835
0.996582 0.757813
0.996582 0.99707
0.243896 0.0033989
0.00329971 0.207886
0.503418 0.207886
0.996582 0.207886
0.738281 0.0033989
0.996582 0.602539
0.494385 0.602539
0.996582 0.99707
0.541504 0.99707
0.00329971 0.602539
0.00329971 0.99707
TEXTURE-FACE = 777
55 54 56
46 48 47
48 55 47
55 48 52
54 55 52
52 53 54
53 52 51
48 51 52
51 48 49
48 50 49
42 41 43
32 34 33
34 42 33
42 34 38
41 42 38
38 40 41
40 38 37
34 37 38
37 34 35
34 36 35
17 22 25
25 24 26
24 25 22
22 39 24
39 22 23
18 23 22
22 17 18
17 19 18
23 18 20
18 21 20
11 13 12
12 14 11
14 12 7
7 15 14
15 7 9
7 10 9
10 7 8
7 5 8
5 7 4
4 6 5
44 29 45
29 44 28
27 29 28
29 27 30
30 27 31
3 1 16
0 1 3
0 2 1
852 850 853
849 850 852
849 851 850
756 753 757
753 756 752
751 753 752
753 751 754
754 751 755
624 621 625
621 624 620
619 621 620
621 619 622
622 619 623
565 563 578
562 563 565
562 564 563
560 558 561
557 558 560
557 559 558
464 461 465
461 464 460
459 461 460
461 459 462
462 459 463
314 299 315
299 314 298
297 299 298
299 297 300
300 297 301
295 294 296
294 295 292
292 309 294
309 292 293
288 293 292
292 287 288
287 289 288
287 292 295
293 288 290
288 291 290
273 271 286
270 271 273
270 272 271
268 266 269
265 266 268
265 267 266
227 226 225
226 227 228
229 228 230
228 229 226
229 222 226
222 225 226
225 222 223
222 224 223
220 222 221
222 229 221
908 907 909
899 901 900
901 908 900
908 901 905
907 908 905
905 906 907
906 905 904
901 904 905
904 901 902
901 903 902
894 896 895
895 897 894
897 895 890
890 898 897
898 890 892
890 893 892
893 890 891
890 888 891
888 890 887
887 889 888
172 169 173
169 172 168
167 169 168
169 167 170
170 167 171
113 111 126
110 111 113
110 112 111
62 59 63
59 62 58
57 59 58
59 57 60
60 57 61
738 723 739
723 738 722
721 723 722
723 721 724
724 721 725
446 431 447
431 446 430
429 431 430
431 429 432
432 429 433
719 718 720
718 719 716
716 733 718
733 716 717
712 717 716
716 711 712
711 713 712
711 716 719
717 712 714
712 715 714
697 695 710
694 695 697
694 696 695
606 591 607
591 606 590
589 591 590
591 589 592
592 589 593
427 426 428
426 427 424
424 441 426
441 424 425
420 425 424
424 419 420
419 421 420
419 424 427
425 420 422
420 423 422
405 403 418
402 403 405
402 404 403
885 884 886
876 878 877
878 885 877
885 878 882
884 885 882
882 883 884
883 882 881
878 881 882
881 878 879
878 880 879
874 873 875
865 867 866
867 874 866
874 867 871
873 874 871
871 872 873
872 871 870
867 870 871
870 867 868
867 869 868
863 862 864
854 856 855
856 863 855
863 856 860
862 863 860
860 861 862
861 860 859
856 859 860
859 856 857
856 858 857
847 846 848
838 840 839
840 847 839
847 840 844
846 847 844
844 845 846
845 844 843
840 843 844
843 840 841
840 842 841
833 835 834
834 836 833
836 834 829
829 837 836
837 829 831
829 832 831
832 829 830
829 827 830
827 829 826
826 828 827
332 329 333
329 332 328
327 329 328
329 327 330
330 327 331
154 139 155
139 154 138
137 139 138
139 137 140
140 137 141
596 598 597
599 596 597
596 599 600
602 600 599
600 602 603
603 604 600
604 603 605
594 596 595
596 604 595
604 596 600
824 823 825
815 817 816
817 824 816
824 817 821
823 824 821
821 822 823
822 821 820
817 820 821
820 817 818
817 819 818
813 812 814
804 806 805
806 813 805
813 806 810
812 813 810
810 811 812
811 810 809
806 809 810
809 806 807
806 808 807
799 801 800
800 802 799
802 800 795
795 803 802
803 795 797
795 798 797
798 795 796
795 793 796
793 795 792
792 794 793
579 581 580
584 579 580
579 584 587
587 586 588
586 587 584
584 601 586
601 584 585
580 585 584
585 580 582
580 583 582
127 129 128
132 127 128
127 132 135
135 134 136
134 135 132
132 149 134
149 132 133
128 133 132
133 128 130
128 131 130
692 691 693
691 692 689
689 690 691
690 689 688
685 688 689
688 685 686
685 687 686
683 685 684
685 692 684
692 685 689
790 789 791
781 783 782
783 790 782
790 783 787
789 790 787
787 788 789
788 787 786
783 786 787
786 783 784
783 785 784
767 766 768
758 760 759
760 767 759
767 760 764
766 767 764
764 765 766
765 764 763
760 763 764
763 760 761
760 762 761
749 748 750
740 742 741
742 749 741
749 742 746
748 749 746
746 747 748
747 746 745
742 745 746
745 742 743
742 744 743
736 735 737
726 728 727
728 736 727
736 728 732
735 736 732
732 734 735
734 732 731
728 731 732
731 728 729
728 730 729
681 680 682
672 674 673
674 681 673
681 674 678
680 681 678
678 679 680
679 678 677
674 677 678
677 674 675
674 676 675
670 669 671
661 663 662
663 670 662
670 663 667
669 670 667
667 668 669
668 667 666
663 666 667
666 663 664
663 665 664
656 658 657
657 659 656
659 657 652
652 660 659
660 652 654
652 655 654
655 652 653
652 650 653
650 652 649
649 651 650
318 320 319
321 318 319
318 321 322
323 322 321
322 323 324
324 325 322
325 324 326
316 318 317
318 325 317
325 318 322
644 646 645
645 647 644
647 645 640
640 648 647
648 640 642
640 643 642
643 640 641
640 638 641
638 640 637
637 639 638
152 151 153
151 152 148
148 150 151
150 148 147
144 147 148
147 144 145
144 146 145
142 144 143
144 152 143
152 144 148
635 634 636
626 628 627
628 635 627
635 628 632
634 635 632
632 633 634
633 632 631
628 631 632
631 628 629
628 630 629
617 616 618
608 610 609
610 617 609
617 610 614
616 617 614
614 615 616
615 614 613
610 613 614
613 610 611
610 612 611
573 575 574
574 576 573
576 574 569
569 577 576
577 569 571
569 572 571
572 569 570
569 567 570
567 569 566
566 568 567
87 89 88
88 90 87
90 88 91
93 90 91
90 93 92
98 90 92
90 98 97
97 95 90
95 97 94
94 96 95
406 408 407
407 409 406
409 407 410
412 409 410
409 412 411
417 409 411
409 417 416
416 414 409
414 416 413
413 415 414
555 554 556
546 548 547
548 555 547
555 548 552
554 555 552
552 553 554
553 552 551
548 551 552
551 548 549
548 550 549
541 543 542
542 544 541
544 542 537
537 545 544
545 537 539
537 540 539
540 537 538
537 535 538
535 537 534
534 536 535
507 509 508
508 510 507
510 508 503
503 511 510
511 503 505
503 506 505
506 503 504
503 501 504
501 503 500
500 502 501
769 771 770
770 772 769
772 770 773
775 772 773
772 775 774
780 772 774
772 780 779
779 777 772
777 779 776
776 778 777
532 531 533
523 525 524
525 532 524
532 525 529
531 532 529
529 530 531
530 529 528
525 528 529
528 525 526
525 527 526
521 520 522
512 514 513
514 521 513
521 514 518
520 521 518
518 519 520
519 518 517
514 517 518
517 514 515
514 516 515
498 497 499
489 491 490
491 498 490
498 491 495
497 498 495
495 496 497
496 495 494
491 494 495
494 491 492
491 493 492
484 486 485
485 487 484
487 485 480
480 488 487
488 480 482
480 483 482
483 480 481
480 478 481
478 480 477
477 479 478
231 233 232
233 240 232
240 233 237
239 240 237
237 238 239
238 237 236
233 236 237
236 233 234
233 235 234
240 239 241
156 158 157
158 165 157
165 158 162
164 165 162
162 163 164
163 162 161
158 161 162
161 158 159
158 160 159
165 164 166
334 336 335
336 343 335
343 336 340
342 343 340
340 341 342
341 340 339
336 339 340
339 336 337
336 338 337
343 342 344
705 707 706
706 708 705
708 706 701
701 709 708
709 701 703
701 704 703
704 701 702
701 699 702
699 701 698
698 700 699
475 474 476
466 468 467
468 475 467
475 468 472
474 475 472
472 473 474
473 472 471
468 471 472
471 468 469
468 470 469
457 456 458
448 450 449
450 457 449
457 450 454
456 457 454
454 455 456
455 454 453
450 453 454
453 450 451
450 452 451
444 443 445
434 436 435
436 444 435
444 436 440
443 444 440
440 442 443
442 440 439
436 439 440
439 436 437
436 438 437
400 399 401
391 393 392
393 400 392
400 393 397
399 400 397
397 398 399
398 397 396
393 396 397
396 393 394
393 395 394
389 388 390
380 382 381
382 389 381
389 382 386
388 389 386
386 387 388
387 386 385
382 385 386
385 382 383
382 384 383
378 377 379
369 371 370
371 378 370
378 371 375
377 378 375
375 376 377
376 375 374
371 374 375
374 371 372
371 373 372
364 366 365
365 367 364
367 365 360
360 368 367
368 360 362
360 363 362
363 360 361
360 358 361
358 360 357
357 359 358
64 66 65
66 73 65
73 66 70
72 73 70
70 71 72
71 70 69
66 69 70
69 66 67
66 68 67
73 72 74
82 84 83
83 85 82
85 83 78
78 86 85
86 78 80
78 81 80
81 78 79
78 76 79
76 78 75
75 77 76
352 354 353
353 355 352
355 353 348
348 356 355
356 348 350
348 351 350
351 348 349
348 346 349
346 348 345
345 347 346
99 101 100
101 108 100
108 101 105
107 108 105
105 106 107
106 105 104
101 104 105
104 101 102
101 103 102
108 107 109
121 123 122
122 124 121
124 122 117
117 125 124
125 117 119
117 120 119
120 117 118
117 115 118
115 117 114
114 116 115
312 311 313
302 304 303
304 312 303
312 304 308
311 312 308
308 310 311
310 308 307
304 307 308
307 304 305
304 306 305
281 283 282
282 284 281
284 282 277
277 285 284
285 277 279
277 280 279
280 277 278
277 275 278
275 277 274
274 276 275
174 176 175
176 183 175
183 176 180
182 183 180
180 181 182
181 180 179
176 179 180
179 176 177
176 178 177
183 182 184
192 194 193
193 195 192
195 193 188
188 196 195
196 188 190
188 191 190
191 188 189
188 186 189
186 188 185
185 187 186
263 262 264
254 256 255
256 263 255
263 256 260
262 263 260
260 261 262
261 260 259
256 259 260
259 256 257
256 258 257
249 251 250
250 252 249
252 250 245
245 253 252
253 245 247
245 248 247
248 245 246
245 243 246
243 245 242
242 244 243
197 199 198
199 206 198
206 199 203
205 206 203
203 204 205
204 203 202
199 202 203
202 199 200
199 201 200
206 205 207
215 217 216
216 218 215
218 216 211
211 219 218
219 211 213
211 214 213
214 211 212
211 209 212
209 211 208
208 210 209
ATTRIBUTE_COUNT = 0
VERTEXWEIGHT = 0
BONEOBJECT_COUNT = 0
