EXPORTER_V15
MESH_EXPORT
MATERIALGROUP = 2
MATERIAL 0
DIFFUSE 0.588 0.588 0.588 1
AMBIENT 0.588 0.588 0.588 1
SPECULAR 0.9 0.9 0.9 1
EMISSIVE 0.588 0.588 0.588 0
POWER 0.0
TEXTURE_DIR_PATH texture/map
TEXTURE  
SPECULAR_TEXTURE  
BUMP_TEXTURE  
MATERIAL 1
DIFFUSE 0.588 0.588 0.588 1
AMBIENT 0.588 0.588 0.588 1
SPECULAR 0.9 0.9 0.9 1
EMISSIVE 0.588 0.588 0.588 0
POWER 0.0
TEXTURE_DIR_PATH texture/map
TEXTURE C:\Users\Lee\Desktop\ABresource\map\DM_SummerIsland\Texture2D\grass01_T.tga
SPECULAR_TEXTURE  
BUMP_TEXTURE  
GEOMOBJECT_COUNT = 1
MESH_NAME = grass01_3
MATERIAL_COUNT = 1
MATERIAL_ID = 1
VERTEX = 737
-79.301 12.0632 37.7893
-95.6981 7.1217 32.3693
-94.0522 7.3941 28.2361
-75.8869 13.1166 31.8944
-56.8238 12.8534 41.9739
-102.42 -0.4527 31.833
-102.543 -0.9614 29.4615
-137.383 46.9307 -23.2577
-128.621 37.6667 -14.0645
-131.537 40.2392 -4.7311
-141.911 36.7563 -4.4682
-151.35 47.8089 -23.5033
-130.383 19.5248 10.0856
-122.84 23.3317 8.314
-116.974 -0.8094 20.5833
-113.508 -0.457 22.2705
-119.122 20.1103 4.0135
-112.982 -0.766 19.4879
-79.301 12.0632 246.64
-95.6981 7.1217 241.22
-94.0522 7.3941 237.087
-75.8869 13.1166 240.745
-56.8238 12.8534 250.825
-54.9261 47.149 224.378
-66.177 37.885 230.27
-74.3465 40.4575 224.896
-71.7421 36.9746 214.85
-50.8438 48.0272 211.019
-88.908 19.7431 221.925
-89.2823 23.5499 229.664
-102.693 -0.5911 231.925
-105.269 -0.2387 234.791
-86.1721 20.3286 234.423
-102.739 -0.5478 236.064
-102.42 -0.4527 240.684
-102.543 -0.9614 238.313
-103.029 18.107 270.919
-111.221 7.6801 257.595
-108.488 7.9524 255.495
-101.458 19.0655 269.281
-95.834 20.9508 283.711
-113.491 0.1056 252.342
-112.166 -0.4031 250.386
-133.525 22.2548 220.107
-137.785 19.5877 221.133
-144.28 38.5504 213.539
-120.722 -1.7603 228.393
-122.615 -2.8374 222.779
-48.7004 19.2682 137.609
-44.4407 16.9411 136.583
-37.9453 33.4863 144.177
-61.5033 -1.6853 129.323
-59.6103 -2.625 134.937
-105.444 43.8273 121.039
-106.357 43.8273 111.832
-115.17 50.7965 115.205
-100.957 50.3221 105.185
-114.753 52.6028 105.038
-92.0439 30.7048 115.682
-86.667 36.9537 110.213
-84.1881 -0.784 116.64
-93.2749 35.4199 122.836
-83.0204 -0.784 119.606
-64.8349 15.6712 86.598
-63.67 9.2518 103.828
-68.1187 9.6057 103.863
-71.5821 17.0396 85.6595
-69.4372 16.6977 64.2026
-81.9936 -0.784 113.898
-61.6314 -0.5882 110.256
-63.7815 -1.2489 111.264
-26.9133 23.5227 89.5989
-36.1632 9.9771 102.212
-39.1389 10.331 100.472
-29.023 24.7678 88.7629
-17.7797 27.2169 78.1111
-40.1725 0.1371 106.296
-42.4838 -0.5236 105.806
56.0903 28.911 178.12
60.35 25.4462 177.094
66.8454 50.0805 184.688
43.2874 -2.2868 169.834
45.1804 -3.686 175.448
-11.2144 24.7571 165.851
-12.1273 24.7571 156.644
-20.9406 29.4379 160.017
-6.728 29.1192 149.998
-20.5232 30.6511 149.85
2.1854 15.9437 160.495
7.5623 20.1406 155.025
10.0412 -5.2053 161.452
0.9544 19.1104 167.648
11.2089 -5.2053 164.418
28.1072 15.6712 131.935
29.2721 9.2518 149.165
24.8234 9.6057 149.199
21.36 17.0396 130.996
23.5049 16.6977 109.539
12.2357 -5.2053 158.71
31.3108 -0.5882 155.593
29.1606 -1.2489 156.601
59.5423 23.5227 144.752
50.2924 9.9771 157.365
47.3166 10.331 155.626
57.4326 24.7678 143.916
68.6759 27.2169 133.264
46.283 0.1371 161.449
43.9717 -0.5236 160.96
23.9854 28.911 192.162
26.5426 25.4462 195.72
21.9594 50.0805 204.6
26.831 -2.2868 177.179
22.3456 -3.686 181.05
-86.2736 9.375 72.9562
-85.0094 8.2427 68.7609
-75.1752 16.2928 66.9868
-99.8894 -0.82 79.8258
-94.0875 -1.2772 81.0254
-138.454 7.6248 61.1364
-122.992 4.5015 68.8279
-125.207 4.6736 72.6858
-142.67 8.2906 66.4874
-160.11 8.1243 53.8053
-165.18 29.8016 75.8053
-153.207 23.9461 71.5692
-145.883 25.5721 78.0474
-149.886 23.3706 87.622
-171.116 30.3567 88.4497
-131.89 12.4791 83.0548
-130.421 14.8853 75.4464
-116.826 -0.3736 75.1115
-113.869 -0.1509 72.6394
-132.825 12.8492 70.2947
-116.193 -0.3462 71.0209
-116.413 -0.2862 70.3125
-116.629 -0.6077 72.6773
-116.722 11.445 29.9148
-110.503 4.8544 44.2663
-113.507 5.0265 45.9571
-118.509 12.0508 31.314
-122.029 13.2424 16.2315
-109.001 0.0667 49.7888
-110.59 -0.2548 51.537
-126.347 37.7861 107.279
-125.198 29.4808 98.7541
-118.44 30.2577 93.111
-113.116 30.0479 100.443
-119.629 40.8699 115.632
-110.096 15.8109 89.2631
-114.9 16.9303 84.593
-110.278 -0.0462 80.853
-111.02 -0.696 77.4461
-119.145 14.9405 86.4585
-112.874 -0.5954 79.1776
-159.981 34.4119 167.48
-167.777 27.0325 160.583
-168.945 28.5024 151.738
-160.348 27.7461 150.697
-149.316 36.8505 166.294
-170.38 14.8019 139.701
-176.388 16.2213 141.808
-179.987 -0.0849 132.723
-183.252 -0.4274 131.518
-177.28 13.9712 146.232
-182.73 -0.5377 134.095
-225.595 34.4119 157.732
-218.033 27.0325 150.58
-209.12 28.5024 150.202
-208.846 27.7461 158.858
-225.362 36.8505 168.461
-197.002 14.8019 149.842
-198.568 16.2213 143.67
-189.199 -0.0849 140.893
-187.709 -0.4274 137.747
-202.895 13.9712 142.389
-190.322 -0.5377 138.039
-245.966 34.4119 113.441
-235.563 27.0325 113.764
-229.012 28.5024 119.821
-234.959 27.7461 126.116
-253.413 36.8505 121.169
-220.216 14.8019 128.163
-216.941 16.2213 122.702
-208.367 -0.0849 127.39
-205.086 -0.4274 126.23
-219.083 13.9712 118.729
-207.134 -0.5377 124.582
-43.8174 14.0667 -52.3401
-42.5533 12.3809 -56.5354
-32.7191 24.3667 -58.3095
-57.4333 -1.1127 -45.4706
-51.6314 -1.7934 -44.271
-88.3815 12.0456 -0.4315
-96.7904 12.0456 -4.2907
-98.3268 14.323 5.0203
-99.8026 14.168 -12.3064
-106.893 14.9133 -0.4719
-86.2419 7.7574 -14.7027
-88.2495 9.7994 -22.1051
-81.4498 -2.5326 -21.0009
-80.6881 9.2982 -10.0294
-78.3004 -2.5326 -20.5121
-97.8127 7.6248 -51.4958
-82.3504 4.5015 -43.8044
-84.566 4.6736 -39.9465
-102.029 8.2906 -46.1449
-119.469 8.1243 -58.827
-125.1 29.8016 -32.9165
-113.126 23.9461 -37.1526
-105.802 25.5721 -30.6744
-109.805 23.3706 -21.0998
-131.036 30.3567 -20.2722
-91.8094 12.4791 -25.667
-90.3407 14.8853 -33.2754
-82.7096 -2.5326 -24.2796
-76.7454 -0.3736 -33.6103
-73.7884 -0.1509 -36.0824
-92.7444 12.8492 -38.4271
-76.1124 -0.3462 -37.7009
-75.7724 -0.2862 -42.3198
-75.9877 -0.6077 -39.955
-70.8807 11.445 -72.1628
-64.6612 4.8544 -57.8113
-67.6651 5.0265 -56.1205
-72.6673 12.0508 -70.7636
-76.1876 13.2424 -85.8461
-63.1597 0.0667 -52.2889
-64.7487 -0.2548 -50.5406
-45.1936 34.4119 -100.315
-45.147 27.0325 -89.7883
-52.8888 28.5024 -83.7148
-61.5167 27.7461 -90.3448
-55.7921 36.8505 -108.602
-63.5618 14.8019 -75.5778
-56.1626 16.2213 -71.738
-61.9953 -0.0849 -63.4812
-60.3056 -0.4274 -60.0416
-50.9866 13.9712 -73.5351
-58.2109 -0.5377 -61.9643
-77.1154 21.7298 24.7563
-82.644 16.7735 33.5755
-91.1785 17.7608 36.174
-93.612 17.2529 27.8634
-80.0294 23.3677 14.4282
-102.82 8.5591 39.5587
-99.7574 9.5124 45.1418
-108.132 -1.4394 50.1781
-108.786 -1.6694 53.5965
-95.2471 8.0012 45.2976
-106.329 -1.7435 52.6597
-202.16 21.7298 74.5261
-197.816 16.7735 84.1148
-202.4 17.7608 92.8218
-212.984 17.2529 90.2964
-215.22 23.3677 71.2936
-208.816 8.5591 104.61
-200.494 9.5124 105.091
-202.443 -1.4394 115.01
-199.495 -1.6694 117.459
-196.504 8.0012 101.335
-198.369 -1.7435 114.848
-47.9012 14.0667 -17.5378
-43.539 12.3809 -17.9494
-38.1867 24.3667 -9.5107
-59.399 -1.1127 -27.557
-58.3216 -1.7934 -21.7311
46.7704 9.3273 105.931
46.4609 8.2008 103.193
51.7045 16.21 99.7297
40.6044 -0.8158 113.277
5.6817 26.409 90.645
3.0612 26.1095 95.2026
-2.8276 23.4681 88.1695
21.2441 20.131 101.275
16.3966 16.5965 104.793
25.9815 -0.1884 103.138
21.0318 -0.1884 105.322
13.767 35.2465 86.3897
12.0005 34.7146 90.308
5.8694 40.4431 81.999
23.8869 18.7021 94.8748
26.6189 -0.1884 98.5954
44.2549 -1.2707 112.532
-41.2889 21.2159 170.716
-47.1054 21.2159 170.571
-45.685 24.5895 176.333
-50.8334 24.3598 166.685
-51.9973 25.4639 175.282
-43.5904 14.8636 161.938
-46.5858 17.8885 158.158
-42.3824 -0.3795 157.11
-39.2221 17.146 163.262
-40.441 -0.3795 156.612
-59.6262 7.5861 142.699
-48.7833 4.4786 143.311
-49.1073 4.6499 146.09
-60.7362 8.2485 146.837
-73.9595 8.083 143.831
-71.4356 29.6502 157.802
-65.5662 23.8244 152.386
-59.7271 25.4421 154.314
-59.667 23.2519 160.84
-71.7316 30.2024 166.582
-50.3989 12.4157 153.739
-51.4364 14.8097 148.978
-43.9233 -0.3795 155.528
-43.6622 -0.3717 145.414
-42.5662 -0.1501 143.252
-54.1028 12.7839 146.596
-44.3105 -0.3445 142.893
-44.6136 -0.2847 142.538
-44.1517 -0.6046 143.958
58.9306 17.666 139.616
52.1071 13.7532 135.465
52.3526 14.8397 129.321
58.6097 13.3687 127.466
67.4519 18.0369 137.483
49.2308 6.0907 120.512
44.9394 7.6986 122.821
39.3722 -2.4977 116.328
36.9922 -2.3489 115.87
43.3844 6.338 126.04
37.1272 -2.4794 117.646
18.5026 11.3868 88.6047
25.655 4.8297 95.357
24.3381 5.001 97.0789
17.8169 11.9895 89.8563
12.0433 13.1751 82.0124
27.8919 0.0664 98.1763
27.407 -0.2535 99.5807
-86.0403 34.2371 220.128
-83.4434 26.8951 214.12
-78.3857 28.3576 211.692
-76.0817 27.6052 216.626
-83.2457 36.6633 226.271
-71.4717 14.7267 208.48
-73.9067 16.1389 205.301
-69.1807 -0.0845 201.373
-69.0993 -0.4252 199.186
-76.7252 13.9002 205.633
-70.5373 -0.5349 200.002
-108.794 34.2371 199.582
-102.701 26.8951 197.189
-97.4143 28.3576 199.065
-99.2905 27.6052 204.178
-111.182 36.6633 205.894
-90.2623 14.7267 201.706
-89.7235 16.1389 197.738
-83.6061 -0.0845 198.322
-81.9972 -0.4252 196.838
-91.946 13.9002 195.973
-83.5897 -0.5349 196.393
-34.5543 13.9952 4.9771
-34.8638 12.318 2.2391
-29.6201 24.2429 -1.2242
-40.7202 -1.107 12.3228
-37.0697 -1.7843 11.5777
-10.9602 11.9844 96.525
-16.7767 11.9844 96.3794
-15.3563 14.2503 102.141
-20.5048 14.096 92.4937
-21.6686 14.8375 101.091
-13.2617 7.718 87.7468
-16.2571 9.7496 83.9665
-12.0537 -2.5198 82.9189
-8.8934 9.2509 89.0708
-10.1123 -2.5198 82.4206
-65.5505 7.5861 18.8513
-54.7076 4.4786 19.4631
-55.0316 4.6499 22.242
-66.6604 8.2485 22.989
-79.8838 8.083 19.9833
-13.5946 -2.5198 81.3363
-50.5379 -0.2847 18.6903
-50.076 -0.6046 20.1104
-55.1094 11.3868 0.2304
-47.957 4.8297 6.9827
-49.2738 5.001 8.7045
-55.795 11.9895 1.4819
-61.5687 13.1751 -6.362
-45.7201 0.0664 9.802
-46.205 -0.2535 11.2063
-23.038 37.5941 34.2755
-27.8412 29.331 31.787
-29.7483 30.104 26.5889
-24.2787 29.8953 24.9927
-16.6682 40.6622 32.0703
-30.2563 15.7306 20.8331
-34.0401 16.8443 22.6864
-35.2738 -0.046 19.1569
-37.448 -0.6925 18.8733
-33.8362 14.8646 25.5952
-36.8163 -0.5923 20.3385
-47.2433 34.2371 -22.4079
-44.6067 26.8951 -16.3358
-47.5752 28.3576 -10.9064
-54.2052 27.6052 -12.5991
-55.4231 36.6633 -24.5698
-51.7262 14.7267 -3.5577
-46.498 16.1389 -3.1729
-47.8219 -0.0845 3.0449
-45.9926 -0.4252 4.6139
-43.9521 13.9002 -5.4948
-45.2587 -0.5349 2.9833
-26.6313 17.3385 3.0993
-29.4797 17.8757 0.7774
-22.3572 16.0595 -4.7258
-40.1295 12.6469 15.7814
-41.7295 11.1937 11.0662
-44.5002 -0.9886 17.0632
-44.7553 -0.2475 12.7533
-25.0222 21.8532 11.3768
-27.6359 22.0838 9.766
-18.8192 25.6531 5.223
-35.9564 10.7892 17.8795
-41.0953 -1.5116 17.6158
40.1136 21.6194 75.8043
39.1049 16.6883 82.2719
34.8168 17.6706 85.8894
31.3501 17.1652 81.6898
35.8691 23.249 70.5578
28.9282 8.5156 90.7315
32.082 9.4641 93.199
28.4909 -1.4321 98.1858
28.9601 -1.6609 100.324
34.7273 7.9605 92.171
30.1477 -1.7346 99.1732
-50.5314 17.3385 178.339
-53.3798 17.8757 176.017
-46.2573 16.0595 170.514
-64.0296 12.6469 191.021
-65.6296 11.1937 186.306
-68.4003 -0.9886 192.303
-68.6554 -0.2475 187.993
-48.9223 21.8532 186.617
-51.536 22.0838 185.006
-42.7193 25.6531 180.463
-59.8564 10.7892 193.119
-64.9954 -1.5116 192.855
-93.1247 21.6194 166.231
-88.2368 16.6883 170.696
-88.7274 17.6706 176.864
-95.4704 17.1652 178.029
-101.474 23.249 167.601
-89.5131 8.5156 185.267
-84.5841 9.4641 183.482
-83.2515 -1.4321 189.698
-80.9408 -1.6609 190.383
-83.2093 7.9605 180.323
-80.9373 -1.7346 188.595
-28.2864 13.9952 26.1029
-25.8673 12.318 24.7836
-20.682 24.2429 28.3336
-37.4152 -1.107 23.163
-35.3483 -1.7843 26.2629
-49.6399 34.2371 89.2011
-47.0429 26.8951 83.1926
-41.9852 28.3576 80.7648
-39.6813 27.6052 85.6991
-46.8452 36.6633 95.3438
-35.0713 14.7267 77.5525
-37.5063 16.1389 74.3735
-32.7802 -0.0845 70.4456
-32.6989 -0.4252 68.2584
-40.3247 13.9002 74.7061
-34.1368 -0.5349 69.0746
-72.3936 34.2371 68.6542
-66.3009 26.8951 66.2613
-61.0138 28.3576 68.1379
-62.8901 27.6052 73.2501
-74.7812 36.6633 74.9662
-53.8619 14.7267 70.7783
-53.3231 16.1389 66.8103
-47.2057 -0.0845 67.3942
-45.5968 -0.4252 65.9103
-55.5456 13.9002 65.0454
-47.1893 -0.5349 65.4656
-14.1309 17.3385 47.4116
-16.9793 17.8757 45.0898
-9.8569 16.0595 39.5865
-27.6292 12.6469 60.0937
-29.2292 11.1937 55.3785
-31.9998 -0.9886 61.3755
-32.255 -0.2475 57.0656
-12.5219 21.8532 55.6891
-15.1355 22.0838 54.0783
-6.3188 25.6531 49.5353
-23.456 10.7892 62.1918
-28.5949 -1.5116 61.9281
-56.7243 21.6194 35.3036
-51.8364 16.6883 39.7682
-52.327 17.6706 45.9367
-59.07 17.1652 47.1011
-65.0733 23.249 36.6731
-53.1127 8.5156 54.34
-48.1837 9.4641 52.5547
-46.8511 -1.4321 58.7708
-44.5404 -1.6609 59.4552
-46.8089 7.9605 49.3952
-44.5369 -1.7346 57.6671
-131.773 9.3273 114.911
-134.251 8.2008 113.705
-134.364 16.21 107.422
-128.877 -0.8158 124.054
-166.702 26.409 141.405
-164.259 26.1095 146.06
-173.353 23.4681 147.262
-149.386 20.131 133.965
-149.015 16.5965 139.943
-145.274 -0.1884 130.964
-146.084 -0.1884 136.313
-165.961 35.2465 132.298
-163.6 34.7146 135.89
-173.9 40.4431 136.612
-153.373 18.7021 128.303
-148.768 -0.1884 127.991
-127.549 -1.2707 120.573
-144.354 7.5861 146.116
-138.026 4.4786 137.29
-135.854 4.6499 139.053
-141.456 8.2485 149.271
-151.081 8.083 158.823
-136.443 -0.2847 133.356
-134.997 -0.6046 133.727
-161.552 11.3868 129.488
-152.018 4.8297 127.069
-151.27 5.001 129.104
-160.863 11.9895 130.738
-170.58 13.1751 131.407
-148.439 0.0664 126.692
-147.514 -0.2535 127.854
-114.493 37.5941 143.237
-119.67 29.331 141.667
-122.494 30.104 136.904
-117.408 29.8953 134.337
-108.633 40.6622 139.906
-124.044 15.7306 131.338
-127.426 16.8443 133.851
-129.283 -0.046 130.606
-131.473 -0.6925 130.724
-126.695 14.8646 136.674
-130.584 -0.5923 132.049
-156.058 26.9019 96.3557
-159.228 27.7018 100.484
-164.585 24.9976 93.0602
-143.261 19.9166 109.847
-149.047 17.7529 113.041
-142.434 -0.3855 114.94
-147.536 0.7179 116.361
-146.086 33.6239 92.2381
-148.384 33.9673 95.8929
-152.35 39.2816 86.1215
-140.148 17.1506 104.133
-141.256 -1.1642 110.575
-138.138 26.9019 97.2724
-141.625 27.7018 98.4324
-142.453 24.9976 89.4698
-134.667 19.9166 115.465
-139.505 17.7529 114.289
-135.928 -0.3855 119.842
-139.703 0.7179 117.747
-130.288 33.6239 100.351
-133.048 33.9673 101.694
-132.158 39.2816 91.8156
-130.659 17.1506 113.067
-133.636 -1.1642 117.264
-80.5016 34.2371 170.166
-85.5664 26.8951 174.312
-91.1743 28.3576 174.148
-90.9568 27.6052 168.707
-80.1656 36.6633 163.426
-98.7913 14.7267 173.829
-98.0868 16.1389 177.771
-104.088 -0.0845 179.092
-105.164 -0.4252 180.998
-95.4301 13.9002 178.769
-103.512 -0.5349 180.933
-210.383 13.9952 50.3782
-212.861 12.318 49.1719
-212.974 24.2429 42.8887
-207.487 -1.107 59.521
-230.336 17.042 78.284
-227.893 16.8408 82.9392
-236.987 15.0668 84.1408
-213.021 12.8254 70.844
-212.65 10.4516 76.8217
-208.908 -0.8217 67.8435
-209.718 -0.8217 73.1922
-229.595 22.9775 69.1774
-227.234 22.6203 72.769
-237.535 26.4677 73.4912
-217.007 11.8657 65.1823
-212.402 -0.8217 64.8701
-206.16 -1.7843 56.0398
-182.638 11.9844 83.2589
-185.878 11.9844 88.0912
-180.253 14.2502 89.9806
-191.157 14.096 89.1556
-184.523 14.8375 94.7464
-191.282 7.718 80.4966
-196.079 9.7496 80.999
-194.71 -2.5198 76.8889
-187.823 9.2509 77.5185
-194.09 -2.5198 74.9829
-215.285 7.5861 83.9822
-208.957 4.4786 75.1565
-206.784 4.6499 76.9195
-212.387 8.2485 87.1371
-222.012 8.083 96.6893
-196.872 -2.5198 77.3415
-207.374 -0.2847 71.2222
-205.928 -0.6046 71.5934
-225.409 11.3868 65.1866
-215.874 4.8297 62.7678
-215.127 5.001 64.8025
-224.719 11.9895 66.4363
-234.436 13.1751 67.106
-212.295 0.0664 62.3906
-211.37 -0.2535 63.5527
-179.477 37.5941 56.3604
-184.152 29.331 59.0814
-189.563 30.104 57.9052
-187.978 29.8953 52.4321
-177.924 40.6622 49.8009
-194.694 15.7306 55.2488
-195.158 16.8443 59.4365
-198.798 -0.046 58.5862
-200.203 -0.6925 60.2697
-192.593 14.8646 60.8236
-198.628 -0.5923 60.5218
-207.722 17.3385 42.683
-211.209 17.8757 43.8431
-212.037 16.0595 34.8804
-204.251 12.6469 60.8761
-209.089 11.1937 59.6994
-205.511 -0.9886 65.2529
-209.287 -0.2475 63.1581
-199.872 21.8532 45.7615
-202.632 22.0838 47.1045
-201.742 25.6531 37.2263
-200.243 10.7892 58.4777
-203.22 -1.5116 62.6747
-160.775 21.6194 104.382
-155.855 16.6883 108.701
-155.1 17.6706 114.26
-160.503 17.1652 114.935
-167.479 23.249 105.153
-154.169 8.5156 121.826
-150.395 9.4641 120.487
-148.11 -1.4321 126.191
-146.054 -1.6609 126.941
-149.845 7.9605 117.702
-146.388 -1.7346 125.322
-109.392 17.3385 157.541
-112.879 17.8757 158.702
-113.707 16.0595 149.739
-105.921 12.6469 175.735
-110.759 11.1937 174.558
-107.181 -0.9886 180.111
-110.956 -0.2475 178.017
-101.541 21.8532 160.62
-104.302 22.0838 161.963
-103.411 25.6531 152.085
-101.912 10.7892 173.336
-104.89 -1.5116 177.533
-142.444 21.6194 187.009
-136.055 16.6883 185.276
-131.11 17.6706 188.996
-133.742 17.1652 195.313
-145.763 23.249 194.791
-124.437 8.5156 194.164
-123.302 9.4641 189.046
-117.341 -1.4321 191.253
-115.524 -1.6609 189.669
-125.233 7.9605 186.192
-117.032 -1.7346 188.708
-189.189 13.9952 56.4105
-189.006 12.318 53.6612
-183.23 24.2429 51.1865
-196.564 -1.107 62.5413
-192.839 -1.7843 62.458
-146.702 34.2371 -6.8406
-151.767 26.8951 -2.694
-157.375 28.3576 -2.8581
-157.157 27.6052 -8.2994
-146.366 36.6633 -13.5807
-164.992 14.7267 -3.177
-164.287 16.1389 0.765
-170.289 -0.0845 2.086
-171.365 -0.4252 3.9919
-161.63 13.9002 1.763
-169.713 -0.5349 3.9266
-159.346 34.2371 32.9118
-163.027 26.8951 27.4988
-162.365 28.3576 21.9277
-156.965 27.6052 22.6276
-152.663 36.6633 33.8451
-161.371 14.7267 14.3691
-165.36 16.1389 14.7208
-166.143 -0.0845 8.6255
-167.946 -0.4252 7.3845
-166.59 13.9002 17.2784
-168.027 -0.5349 9.0359
-188.889 34.2371 41.1072
-187.643 26.8951 34.6811
-183.225 28.3576 31.2236
-179.915 27.6052 35.5478
-184.84 36.6633 46.5062
-177.162 14.7267 26.6012
-180.223 16.1389 24.0195
-176.451 -0.0845 19.168
-176.841 -0.4252 17.0144
-182.904 13.9002 24.9496
-178.07 -0.5349 18.1205
-175.592 17.3385 -19.4649
-179.079 17.8757 -18.3048
-179.907 16.0595 -27.2675
-172.121 12.6469 -1.2718
-176.959 11.1937 -2.4485
-173.382 -0.9886 3.105
-177.157 -0.2475 1.0103
-167.742 21.8532 -16.3864
-170.502 22.0838 -15.0434
-169.612 25.6531 -24.9216
-168.113 10.7892 -3.6702
-171.09 -1.5116 0.5268
-208.644 21.6194 10.0027
-202.255 16.6883 8.2694
-197.311 17.6706 11.99
-199.942 17.1652 18.3066
-211.963 23.249 17.7851
-190.638 8.5156 17.1575
-189.503 9.4641 12.0395
-183.541 -1.4321 14.2464
-181.725 -1.6609 12.6626
-191.433 7.9605 9.1854
-183.232 -1.7346 11.7012
INDEX = 614
132 131 133
123 125 124
125 132 124
132 125 129
131 132 129
129 130 131
130 129 128
125 128 129
128 125 126
125 127 126
32 31 33
23 25 24
25 32 24
32 25 29
31 32 29
29 30 31
30 29 28
25 28 29
28 25 26
25 27 26
16 15 17
7 9 8
9 16 8
16 9 13
15 16 13
13 14 15
14 13 12
9 12 13
12 9 10
9 11 10
735 734 736
726 728 727
728 735 727
735 728 732
734 735 732
732 733 734
733 732 731
728 731 732
731 728 729
728 730 729
721 723 722
722 724 721
724 722 717
717 725 724
725 717 719
717 720 719
720 717 718
717 715 718
715 717 714
714 716 715
34 20 35
20 34 19
18 20 19
20 18 21
21 18 22
5 2 6
2 5 1
0 2 1
2 0 3
3 0 4
699 698 697
698 699 700
701 700 702
700 701 698
701 694 698
694 697 698
697 694 695
694 696 695
692 694 693
694 701 693
712 711 713
703 705 704
705 712 704
712 705 709
711 712 709
709 710 711
710 709 708
705 708 709
708 705 706
705 707 706
690 689 691
681 683 682
683 690 682
690 683 687
689 690 687
687 688 689
688 687 686
683 686 687
686 683 684
683 685 684
674 673 675
665 667 666
667 674 666
674 667 671
673 674 671
671 672 673
672 671 670
667 670 671
670 667 668
667 669 668
660 662 661
661 663 660
663 661 656
656 664 663
664 656 658
656 659 658
659 656 657
656 654 657
654 656 653
653 655 654
679 677 680
676 677 679
676 678 677
617 614 618
614 617 613
612 614 613
614 612 615
615 612 616
610 606 611
606 610 605
604 606 605
606 604 607
607 604 608
602 601 603
601 602 599
599 609 601
609 599 600
595 600 599
599 594 595
594 596 595
594 599 602
600 595 597
595 598 597
580 578 593
577 578 580
577 579 578
529 526 530
526 529 525
524 526 525
526 524 527
527 524 528
522 519 523
519 522 518
517 519 518
519 517 520
520 517 521
503 501 516
500 501 503
500 502 501
453 451 454
450 451 453
450 452 451
380 377 381
377 380 376
375 377 376
377 375 378
378 375 379
373 369 374
369 373 368
367 369 368
369 367 370
370 367 371
365 364 366
364 365 362
362 372 364
372 362 363
358 363 362
362 357 358
357 359 358
357 362 365
363 358 360
358 361 360
355 353 356
352 353 355
352 354 353
328 325 329
325 328 324
323 325 324
325 323 326
326 323 327
226 223 227
223 226 222
221 223 222
223 221 224
224 221 225
190 188 191
187 188 190
187 189 188
141 138 142
138 141 137
136 138 137
138 136 139
139 136 140
116 114 117
113 114 116
113 115 114
111 109 112
108 109 111
108 110 109
106 103 107
103 106 102
101 103 102
103 101 104
104 101 105
99 95 100
95 99 94
93 95 94
95 93 96
96 93 97
91 90 92
90 91 88
88 98 90
98 88 89
84 89 88
88 83 84
83 85 84
83 88 91
89 84 86
84 87 86
81 79 82
78 79 81
78 80 79
76 73 77
73 76 72
71 73 72
73 71 74
74 71 75
310 295 311
295 310 294
293 295 294
295 293 296
296 293 297
219 204 220
204 219 203
202 204 203
204 202 205
205 202 206
69 65 70
65 69 64
63 65 64
65 63 66
66 63 67
291 290 292
290 291 288
288 305 290
305 288 289
284 289 288
288 283 284
283 285 284
283 288 291
289 284 286
284 287 286
269 267 282
266 267 269
266 268 267
264 262 265
261 262 264
261 263 262
651 650 652
642 644 643
644 651 643
651 644 648
650 651 648
648 649 650
649 648 647
644 647 648
647 644 645
644 646 645
628 627 629
619 621 620
621 628 620
628 621 625
627 628 625
625 626 627
626 625 624
621 624 625
624 621 622
621 623 622
588 590 589
589 591 588
591 589 584
584 592 591
592 584 586
584 587 586
587 584 585
584 582 585
582 584 581
581 583 582
61 60 62
60 61 58
58 68 60
68 58 59
54 59 58
58 53 54
53 55 54
53 58 61
59 54 56
54 57 56
51 49 52
48 49 51
48 50 49
46 44 47
43 44 46
43 45 44
121 118 122
120 118 121
118 120 119
120 134 119
134 120 135
41 38 42
38 41 37
36 38 37
38 36 39
39 36 40
200 199 201
199 200 197
197 214 199
214 197 198
193 198 197
197 192 193
192 194 193
192 197 200
198 193 195
193 196 195
228 230 229
230 237 229
237 230 234
236 237 234
234 235 236
235 234 233
230 233 234
233 230 231
230 232 231
237 236 238
404 406 405
405 407 404
407 405 408
410 407 408
407 410 409
415 407 409
407 415 414
414 412 407
412 414 411
411 413 412
575 574 576
566 568 567
568 575 567
575 568 572
574 575 572
572 573 574
573 572 571
568 571 572
571 568 569
568 570 569
549 551 550
550 552 549
552 550 545
545 553 552
553 545 547
545 548 547
548 545 546
545 543 546
543 545 542
542 544 543
484 486 485
485 487 484
487 485 480
480 488 487
488 480 482
480 483 482
483 480 481
480 478 481
478 480 477
477 479 478
561 563 562
562 564 561
564 562 557
557 565 564
565 557 559
557 560 559
560 557 558
557 555 558
555 557 554
554 556 555
637 639 638
638 640 637
640 638 633
633 641 640
641 633 635
633 636 635
636 633 634
633 631 634
631 633 630
630 632 631
540 539 541
531 533 532
533 540 532
540 533 537
539 540 537
537 538 539
538 537 536
533 536 537
536 533 534
533 535 534
511 513 512
512 514 511
514 512 507
507 515 514
515 507 509
507 510 509
510 507 508
507 505 508
505 507 504
504 506 505
330 332 331
332 339 331
339 332 336
338 339 336
336 337 338
337 336 335
332 335 336
335 332 333
332 334 333
339 338 340
416 418 417
418 425 417
425 418 422
424 425 422
422 423 424
423 422 421
418 421 422
421 418 419
418 420 419
425 424 426
489 491 490
491 498 490
498 491 495
497 498 495
495 496 497
496 495 494
491 494 495
494 491 492
491 493 492
498 497 499
277 279 278
278 280 277
280 278 273
273 281 280
281 273 275
273 276 275
276 273 274
273 271 274
271 273 270
270 272 271
475 474 476
466 468 467
468 475 467
475 468 472
474 475 472
472 473 474
473 472 471
468 471 472
471 468 469
468 470 469
464 463 465
455 457 456
457 464 456
464 457 461
463 464 461
461 462 463
462 461 460
457 460 461
460 457 458
457 459 458
448 447 449
439 441 440
441 448 440
448 441 445
447 448 445
445 446 447
446 445 444
441 444 445
444 441 442
441 443 442
434 436 435
435 437 434
437 435 430
430 438 437
438 430 432
430 433 432
433 430 431
430 428 431
428 430 427
427 429 428
207 209 208
209 217 208
217 209 213
216 217 213
213 215 216
215 213 212
209 212 213
212 209 210
209 211 210
217 216 218
298 300 299
300 308 299
308 300 304
307 308 304
304 306 307
306 304 303
300 303 304
303 300 301
300 302 301
308 307 309
143 145 144
145 152 144
152 145 149
151 152 149
149 150 151
150 149 148
145 148 149
148 145 146
145 147 146
152 151 153
154 156 155
156 163 155
163 156 160
162 163 160
160 161 162
161 160 159
156 159 160
159 156 157
156 158 157
163 162 164
165 167 166
167 174 166
174 167 171
173 174 171
171 172 173
172 171 170
167 170 171
170 167 168
167 169 168
174 173 175
176 178 177
178 185 177
185 178 182
184 185 182
182 183 184
183 182 181
178 181 182
181 178 179
178 180 179
185 184 186
239 241 240
241 248 240
248 241 245
247 248 245
245 246 247
246 245 244
241 244 245
244 241 242
241 243 242
248 247 249
250 252 251
252 259 251
259 252 256
258 259 256
256 257 258
257 256 255
252 255 256
255 252 253
252 254 253
259 258 260
312 314 313
314 321 313
321 314 318
320 321 318
318 319 320
319 318 317
314 317 318
317 314 315
314 316 315
321 320 322
341 343 342
343 350 342
350 343 347
349 350 347
347 348 349
348 347 346
343 346 347
346 343 344
343 345 344
350 349 351
382 384 383
384 391 383
391 384 388
390 391 388
388 389 390
389 388 387
384 387 388
387 384 385
384 386 385
391 390 392
393 395 394
395 402 394
402 395 399
401 402 399
399 400 401
400 399 398
395 398 399
398 395 396
395 397 396
402 401 403
FACE-NORMAL = 614
0.453332 0.532041 -0.715138
0.240637 0.841711 -0.483339
0.358369 0.725683 -0.587329
0.434357 0.749867 -0.499033
0.527585 0.676661 -0.513599
0.54493 0.470283 0.694179
0.707487 0.623031 0.333608
0.572202 0.74371 0.345659
0.54682 0.736602 0.398002
0.306409 0.8917 0.333144
-0.381179 0.36911 0.84762
-0.22379 0.701872 0.676235
-0.328237 0.5547 0.764571
-0.441314 0.582382 0.682695
-0.52775 0.502289 0.684971
-0.685009 0.319208 -0.654881
-0.853753 0.449685 -0.262465
-0.753098 0.575211 -0.319337
-0.728003 0.567037 -0.385333
-0.484975 0.779703 -0.396059
0.919815 0.369118 0.133016
0.711722 0.701867 0.0288947
0.825404 0.554697 0.104973
0.777836 0.58238 0.236232
0.803828 0.502287 0.318699
-0.440887 0.319216 0.83888
-0.0172087 0.449682 0.893023
-0.0996025 0.575208 0.811921
-0.169938 0.567036 0.805972
-0.247179 0.779705 0.575293
0.516476 0.222304 -0.826942
0.349887 0.679871 -0.64448
0.459119 0.491624 -0.739943
0.553022 0.522246 -0.649173
0.639878 0.411018 -0.649322
0.614317 0.46521 0.637333
0.818917 0.503762 0.274953
0.695281 0.663182 0.277082
0.664209 0.670597 0.330343
0.428838 0.868634 0.24814
0.245287 0.904478 0.348933
0.359252 0.698833 0.618522
0.592372 0.630448 0.501628
0.556537 0.14446 0.818167
0.754021 0.136526 0.642506
-0.413166 0.312728 0.855275
-0.305525 0.28037 0.909971
-0.351789 0.844858 0.403062
0.215337 0.954753 0.205125
0.0819814 0.975279 -0.205206
-0.705165 0.699863 -0.113728
-0.717034 0.653509 -0.242463
-0.274295 0.960548 -0.0459229
-0.299878 0.953972 -0.00320614
-0.0610289 0.988095 0.141224
-0.705165 0.699863 -0.113727
-0.717034 0.653509 -0.242463
-0.274295 0.960548 -0.0459228
-0.299878 0.953972 -0.00320614
-0.0610289 0.988095 0.141224
0.0412674 0.349661 -0.935967
0.507406 0.281506 -0.814428
-0.991669 0.122126 -0.0409549
-0.939756 0.249974 -0.233179
-0.931497 0.324846 -0.16367
0.0963029 0.488059 -0.867482
0.178653 0.487082 -0.854889
0.18691 0.728034 -0.659569
-0.896762 0.442408 0.00965957
-0.955925 0.291264 -0.0370431
-0.669925 0.122114 -0.732317
-0.638925 0.442411 -0.629322
-0.647497 0.291258 -0.704213
-0.540465 0.324839 -0.776129
-0.496976 0.249965 -0.830983
0.935384 0.281496 -0.214049
0.693022 0.349663 -0.630441
0.683232 0.488062 -0.54313
0.732341 0.487085 -0.475841
0.599605 0.728042 -0.332308
0.047291 0.122116 0.991389
0.0892643 0.442408 0.892361
0.0480008 0.291262 0.955438
-0.0802698 0.32484 0.942357
-0.148778 0.24996 0.956758
-0.856249 0.281489 -0.43313
-0.935936 0.349656 0.0420044
-0.872607 0.488058 -0.0188956
-0.867377 0.487081 -0.102022
-0.673562 0.728035 -0.127593
0.516475 0.222301 -0.826944
0.349886 0.679859 -0.644493
0.45911 0.491621 -0.739951
0.553034 0.52225 -0.64916
0.639885 0.411029 -0.649309
0.61432 0.465206 0.637334
0.818918 0.50376 0.274953
0.69528 0.663183 0.277082
0.664207 0.670599 0.330344
0.428838 0.868633 0.248142
0.245297 0.904476 0.34893
0.359271 0.698828 0.618518
0.59238 0.630442 0.501625
0.556549 0.14445 0.818161
0.754048 0.136514 0.642476
-0.413184 0.312727 0.855266
-0.305524 0.280363 0.909973
-0.35179 0.844859 0.40306
0.215338 0.954753 0.205124
0.0819802 0.975279 -0.205208
-0.110822 -0.504139 -0.856482
-0.904601 0.334502 -0.264209
-0.884668 0.369541 -0.284259
0.700597 0.594716 -0.394304
0.744239 0.584771 -0.322725
0.503348 0.825758 -0.25449
0.417592 0.706725 -0.571101
0.0753724 0.881265 -0.466573
0.318825 0.699864 -0.639172
0.445244 0.653512 -0.612111
0.125628 0.960548 -0.248124
0.092499 0.953975 -0.285266
-0.116589 0.988097 -0.100361
0.825105 -0.497157 0.268395
0.690412 -0.434908 0.578088
0.189358 -0.382144 0.904494
-0.0200739 -0.284427 0.958488
-0.255796 -0.753696 0.605402
0.365075 -0.898208 0.244832
0.30565 -0.929818 0.204979
0.43234 -0.900889 0.0384732
-0.209882 -0.804648 0.55542
-0.261096 -0.866825 0.424785
-0.835033 -0.504132 -0.22039
-0.585893 0.334499 0.738132
-0.596946 0.369544 0.712105
0.700602 0.594704 -0.394315
0.744226 0.584764 -0.322767
0.503341 0.825752 -0.254521
0.417598 0.70674 -0.571078
0.0753736 0.881268 -0.466567
0.318864 0.699857 -0.63916
0.445265 0.653508 -0.612099
0.125634 0.960549 -0.248117
0.092495 0.953974 -0.28527
-0.116591 0.988096 -0.100363
-0.729775 -0.655996 -0.19261
-0.549658 0.467256 0.692494
-0.55277 0.509507 0.65943
0.663646 -0.504141 -0.552645
-0.261814 0.334491 -0.905301
-0.234203 0.369532 -0.899219
0.708417 0.594708 0.380089
0.671388 0.584767 0.455287
0.48466 0.825754 0.288505
0.705971 0.70672 0.046401
0.434301 0.881254 -0.186478
0.71049 0.699865 -0.0734368
0.755405 0.653513 0.0477906
0.276806 0.960548 -0.0269373
0.290406 0.953974 -0.0748216
0.022233 0.988097 -0.152219
0.21571 -0.497157 0.840419
-0.117962 -0.434903 0.892717
-0.662107 -0.382132 0.644662
-0.819919 -0.284429 0.496822
-0.648195 -0.753696 0.108561
-0.0109999 -0.898208 0.439433
-0.00920978 -0.929813 0.367918
0.19926 -0.900889 0.385609
-0.581383 -0.804653 0.120532
-0.498554 -0.866828 0.00727398
-0.261532 -0.504134 -0.823074
-0.937186 0.334498 -0.0989623
-0.921136 0.369545 -0.122245
0.708425 0.594715 0.380064
0.671382 0.584768 0.455295
0.484654 0.825755 0.288512
0.705951 0.706737 0.0464359
0.434275 0.881273 -0.18645
0.404999 0.760268 0.507906
0.355572 0.751892 0.555182
0.233061 0.918091 0.320611
0.476517 0.845036 0.242582
0.321045 0.947064 -0.000109668
0.0715709 -0.678462 -0.731141
-0.760782 0.489639 -0.425986
-0.727195 0.532547 -0.433107
0.40498 0.76027 0.507918
0.35557 0.751897 0.555177
0.233061 0.918091 0.320611
0.476517 0.845036 0.242582
0.321045 0.947064 -0.000109668
0.0572969 -0.80875 -0.585354
-0.669387 0.641423 -0.37483
-0.627006 0.683661 -0.373458
0.665846 -0.409867 0.623425
0.88645 0.263566 -0.380446
0.888456 0.292721 -0.353497
-0.313063 0.494831 0.810638
-0.397586 0.485204 0.778783
-0.26643 0.747984 0.607894
0.0461432 0.609555 0.7914
0.288717 0.820487 0.493399
0.179577 0.602166 0.777912
0.0504964 0.553509 0.831311
0.0771294 0.935981 0.343499
0.138844 0.925777 0.351652
0.198201 0.980152 0.00419483
-0.851333 -0.403557 0.335222
-0.937292 -0.348475 -0.00703014
-0.744002 -0.303322 -0.595362
-0.604351 -0.222646 -0.764977
-0.214232 -0.661789 -0.718429
-0.533891 -0.843895 0.0529368
-0.455054 -0.88932 0.0451198
-0.437628 -0.847655 0.299938
-0.223113 -0.721891 -0.655053
-0.0826184 -0.801048 -0.592871
0.828525 -0.409866 -0.381518
-0.0179764 0.263557 -0.964476
0.00774273 0.292716 -0.956168
-0.313063 0.494831 0.810638
-0.397597 0.485202 0.778779
-0.266437 0.747984 0.60789
0.0461433 0.609555 0.791399
0.288717 0.820487 0.4934
0.710489 0.699866 -0.0734389
0.755405 0.653513 0.0477907
0.276806 0.960548 -0.0269374
0.290405 0.953974 -0.0748172
0.0222327 0.988096 -0.152222
0.517512 0.840324 0.161361
0.52708 0.806878 0.266708
0.171523 0.983665 0.0546248
0.19261 0.980825 0.0297131
0.051214 0.995193 -0.0834786
0.179584 0.602167 0.77791
0.0504978 0.553509 0.831311
0.07713 0.935981 0.343499
0.138844 0.925777 0.351652
0.198201 0.980152 0.00419481
0.232027 -0.359159 0.903974
-0.124605 -0.308551 0.943011
-0.690331 -0.267606 0.672183
-0.838754 -0.195418 0.508236
-0.781364 -0.610201 0.130863
-0.0147368 -0.808205 0.588717
-0.0127051 -0.861529 0.50755
0.267597 -0.812549 0.517838
-0.724135 -0.67312 0.150124
-0.650411 -0.759523 0.00948852
-0.228585 -0.65599 -0.719323
-0.879238 0.467246 -0.0928512
-0.852992 0.5095 -0.113203
0.704134 -0.678461 -0.209489
0.107579 0.489634 -0.865266
0.126844 0.532544 -0.836844
0.961612 0.180193 -0.206962
0.778026 0.591975 -0.210334
0.889916 0.412863 -0.193891
0.887537 0.455302 -0.0705565
0.933372 0.358788 -0.00937997
-0.274296 0.400263 0.874386
0.181521 0.485729 0.855054
0.109282 0.639837 0.760701
0.0363157 0.638842 0.76848
-0.0122465 0.845159 0.534375
-0.160538 0.0434282 0.986074
-0.143876 0.382015 0.912888
-0.177296 0.218997 0.959482
-0.313207 0.238324 0.919295
-0.376923 0.151862 0.913711
-0.788671 0.199287 -0.581621
-0.962587 0.21575 -0.163943
-0.911214 0.361732 -0.197078
-0.889436 0.367706 -0.27147
-0.738226 0.631266 -0.237752
0.338899 0.931781 -0.13012
0.57505 0.760166 -0.302433
0.462769 0.760904 -0.454829
0.75875 0.289773 -0.583379
0.609276 0.341002 -0.715891
0.955729 0.25618 0.144753
0.96993 0.240799 0.0353932
0.468787 0.83055 0.300709
0.20866 0.975668 -0.0673291
-0.172827 0.975948 0.132875
-0.892147 -0.284034 0.351282
-0.970184 -0.242262 -0.007271
-0.763533 -0.209068 -0.610989
-0.612745 -0.151611 -0.775601
-0.245806 -0.509983 -0.824316
-0.684092 -0.726235 0.0678301
-0.604922 -0.794022 0.0599801
-0.562355 -0.731567 0.385443
-0.264056 -0.573817 -0.775247
-0.102645 -0.668472 -0.73662
0.754947 -0.556063 -0.347633
-0.0172775 0.376818 -0.926126
0.00735196 0.414748 -0.909907
-0.784448 -0.504126 0.361246
0.0175786 0.334493 0.942234
-0.00750837 0.369539 0.929185
0.0512132 0.995193 -0.0834778
0.192611 0.980825 0.0297132
0.171523 0.983665 0.0546252
0.52708 0.806878 0.266709
0.517512 0.840324 0.16136
-0.585302 0.594717 -0.551121
-0.529991 0.584771 -0.614127
-0.393014 0.825757 -0.404555
-0.66965 0.706724 -0.228276
-0.46784 0.881254 0.0672108
-0.113628 -0.67163 0.732121
-0.406197 -0.607156 0.682909
-0.781136 -0.547487 0.300143
-0.896438 -0.424907 0.125909
-0.468951 -0.875783 -0.114407
-0.123262 -0.955338 0.268579
-0.101231 -0.970102 0.220576
0.0208885 -0.956623 0.290577
-0.4142 -0.906273 -0.0843121
-0.315957 -0.93981 -0.13011
0.5174 0.701795 0.489675
0.587628 0.514437 0.624538
0.476509 0.545422 0.689531
0.457636 0.432065 0.777103
-0.763443 0.487571 0.423591
-0.468959 0.526735 0.708962
-0.434626 0.6855 0.584114
-0.476625 0.692748 0.541229
-0.334312 0.881087 0.334547
0.663898 0.235478 0.709781
0.21718 0.975279 -0.0407832
-0.0577477 0.954754 0.291737
-0.528831 0.84486 -0.0809344
-0.931971 0.280365 0.229837
-0.943495 0.312731 0.10962
-0.138233 0.136522 0.980945
-0.392398 0.144458 0.908381
-0.105961 0.630447 0.768966
-0.329585 0.69883 0.634831
-0.163088 0.904477 0.394112
0.0472337 0.122154 0.991387
0.0892649 0.442407 0.892361
0.0480004 0.291256 0.95544
-0.0802746 0.324835 0.942358
-0.148778 0.24996 0.956758
-0.856249 0.281489 -0.43313
-0.935936 0.349656 0.0420055
-0.872607 0.488058 -0.018896
-0.867378 0.487081 -0.102022
-0.673559 0.728037 -0.127593
0.509104 0.82583 0.242525
0.726969 0.554513 0.405008
0.834508 0.510417 0.207534
0.893291 0.100067 0.438198
0.964946 0.100128 0.242599
0.308778 0.243219 0.919511
0.41126 0.209413 0.887137
0.0348601 0.796888 0.60312
0.380438 0.917718 0.114284
-0.109527 0.956757 -0.269482
-0.163091 0.904478 0.394107
-0.329593 0.698832 0.634825
-0.105959 0.630447 0.768967
-0.392391 0.144455 0.908384
-0.138233 0.136521 0.980945
-0.943494 0.312726 0.109641
-0.931971 0.280365 0.229837
-0.528828 0.844861 -0.0809357
-0.0577417 0.954753 0.291742
0.217181 0.975279 -0.0407856
0.330488 0.818413 0.470083
0.419949 0.548612 0.722957
0.669948 0.478876 0.567316
0.559752 0.097582 0.822895
0.757921 0.0921635 0.645803
-0.424744 0.215912 0.879189
-0.31233 0.192497 0.930266
-0.451083 0.727607 0.516829
0.304649 0.907182 0.290191
0.118611 0.947529 -0.296849
0.245288 0.904478 0.348933
0.359254 0.698833 0.618522
0.592374 0.630447 0.501628
0.556538 0.14446 0.818166
0.754021 0.136526 0.642506
-0.413175 0.312728 0.855271
-0.305518 0.280364 0.909975
-0.351783 0.844862 0.40306
0.215337 0.954753 0.205125
0.0819812 0.975279 -0.205206
-0.831346 0.0434541 0.554053
-0.76639 0.38202 0.516437
-0.82327 0.218999 0.523705
-0.886401 0.238321 0.396857
-0.925715 0.151853 0.3464
-0.111362 0.199295 -0.973591
-0.535615 0.215753 -0.816436
-0.476363 0.36173 -0.801392
-0.407051 0.367705 -0.836124
-0.328746 0.631266 -0.702445
0.468434 0.865003 -0.179831
0.695923 0.617861 -0.365976
0.560288 0.618744 -0.550667
0.776869 0.199265 -0.5973
0.629717 0.236703 -0.739884
0.973427 0.175241 0.147414
0.985743 0.164365 0.0359734
0.59471 0.707659 0.381496
0.301961 0.948327 -0.0974407
-0.250203 0.948896 0.192342
-0.488829 0.442414 -0.751875
-0.481113 0.291262 -0.826859
-0.361161 0.324835 -0.874097
-0.306904 0.249955 -0.918332
0.95953 0.281488 -0.00813449
0.812283 0.349652 -0.46684
0.783962 0.488064 -0.383663
0.817454 0.487087 -0.307431
0.656987 0.728043 -0.195759
-0.496954 0.122142 -0.859138
0.594597 0.591976 0.544076
0.640688 0.412871 0.647345
0.535282 0.455314 0.711451
0.508204 0.358799 0.782938
-0.885199 0.400254 0.237108
-0.624556 0.485725 0.611557
-0.58362 0.639839 0.499994
-0.629284 0.638845 0.442582
-0.457682 0.845161 0.276098
0.690155 0.180193 0.700868
0.73162 0.679871 -0.0500778
0.870761 0.491623 -0.00903391
0.844461 0.522249 0.118915
0.891141 0.411027 0.192158
-0.208725 0.465222 0.860234
0.206843 0.503767 0.83871
0.138776 0.663182 0.73548
0.0771426 0.670599 0.737798
0.0203788 0.868633 0.495037
0.974954 0.222288 -0.00725262
0.402904 0.865002 0.299064
0.681985 0.617861 0.391335
0.765203 0.618742 0.177829
0.920662 0.199262 0.335672
0.962158 0.236703 0.134991
0.397305 0.175238 0.9008
0.498003 0.16436 0.851457
-0.00328748 0.707658 0.706547
0.244119 0.948328 0.202681
-0.296494 0.948895 -0.10812
0.259133 0.122119 -0.95809
0.188801 0.442413 -0.876713
0.247432 0.291253 -0.924094
0.365497 0.324829 -0.872295
0.435112 0.249956 -0.864985
0.682092 0.281489 0.674918
0.903692 0.349653 0.24715
0.82473 0.488061 0.285687
0.794252 0.487084 0.363197
0.601935 0.728039 0.328075
-0.496984 0.122124 -0.859123
-0.488841 0.442403 -0.751874
-0.481126 0.291253 -0.826855
-0.36117 0.324828 -0.874096
-0.306914 0.249951 -0.918329
0.959525 0.281504 -0.00818236
0.812277 0.349657 -0.466847
0.783959 0.48806 -0.383675
0.817464 0.487082 -0.307414
0.656999 0.728035 -0.195749
0.974954 0.222287 -0.00725302
0.73162 0.679871 -0.0500778
0.870761 0.491623 -0.00903394
0.844461 0.52225 0.118915
0.891141 0.411026 0.192158
-0.208728 0.465216 0.860237
0.206829 0.503762 0.838717
0.138761 0.663183 0.735482
0.0771423 0.670598 0.737799
0.0203792 0.868631 0.495041
-0.16309 0.904475 0.394115
-0.329585 0.698829 0.634833
-0.105947 0.630441 0.768973
-0.392376 0.144452 0.908391
-0.138208 0.136515 0.98095
-0.943495 0.312731 0.109621
-0.931971 0.280366 0.229837
-0.528831 0.84486 -0.0809345
-0.0577417 0.954753 0.291741
0.217179 0.975279 -0.0407837
0.240637 0.841711 -0.483339
0.358369 0.725683 -0.587329
0.434357 0.749867 -0.499033
0.527585 0.676661 -0.513598
0.544929 0.470282 0.694181
0.707487 0.623031 0.333608
0.572202 0.74371 0.345659
0.546817 0.736601 0.398007
0.30641 0.891698 0.333147
0.453332 0.532041 -0.715138
0.0403791 0.701868 -0.711161
0.118279 0.554702 -0.823599
0.248741 0.582382 -0.773925
0.33162 0.502284 -0.798585
0.831659 0.319215 0.454363
0.892628 0.449685 0.0315978
0.810206 0.575214 0.112676
0.803124 0.567041 0.182912
0.57123 0.779708 0.256422
0.147818 0.369104 -0.917558
-0.57258 0.547332 -0.610393
-0.626347 0.334625 -0.70407
-0.511994 0.361915 -0.779025
-0.481598 0.236184 -0.843967
0.916344 0.306285 -0.257884
0.696407 0.32999 -0.637278
0.653587 0.523156 -0.546929
0.693164 0.530348 -0.488113
0.506845 0.789812 -0.345407
-0.678831 0.0686311 -0.73108
-0.761787 0.615266 0.202802
-0.881011 0.433962 0.188407
-0.876154 0.477452 0.0662827
-0.925745 0.378105 0.00575887
0.274816 0.420995 -0.86443
-0.17559 0.508452 -0.842997
-0.103666 0.662604 -0.741761
-0.0325338 0.661626 -0.749128
0.01367 0.859315 -0.511265
-0.960389 0.191094 0.202819
-0.134345 0.615261 -0.776791
-0.10942 0.433963 -0.894261
0.011796 0.477456 -0.878577
0.0764869 0.378104 -0.922598
0.83661 0.420985 0.350506
0.855267 0.508444 -0.100014
0.74804 0.662601 -0.0373657
0.749059 0.661624 0.0341264
0.50803 0.859315 0.0590227
-0.116715 0.191099 -0.974607
0.456338 0.61527 -0.642805
0.557242 0.433965 -0.707923
0.631551 0.477457 -0.610883
0.708372 0.37811 -0.596022
0.341033 0.42098 0.840519
0.673773 0.508442 0.536206
0.553751 0.662602 0.504299
0.503758 0.661625 0.55541
0.31621 0.859316 0.40198
0.609077 0.191083 -0.769748
0.268659 0.757973 0.59439
0.297644 0.582791 0.75615
0.184657 0.62898 0.755173
0.145003 0.519584 0.842025
-0.814232 0.568494 -0.117647
-0.700302 0.660263 0.271349
-0.577094 0.796478 0.180516
-0.592656 0.795711 0.124911
-0.367672 0.928561 0.0509127
0.349522 0.278385 0.894615
0.531649 0.826241 0.18621
0.68842 0.666159 0.286897
0.614092 0.695848 0.372406
0.663703 0.580727 0.47144
-0.461214 0.639339 0.615246
-0.119587 0.6781 0.725175
-0.126017 0.814096 0.566893
-0.169905 0.81954 0.547254
-0.120763 0.940732 0.316922
0.867235 0.339294 0.364393
-0.54936 0.826309 0.124167
-0.703136 0.70448 0.0964794
-0.683591 0.729538 -0.0218615
-0.751402 0.654153 -0.0864805
0.195969 0.448294 -0.87214
-0.193007 0.599797 -0.776525
-0.0969404 0.723146 -0.683858
-0.0384406 0.715777 -0.697271
0.0676173 0.880143 -0.469868
-0.854639 0.509029 0.10238
0.188815 0.442422 -0.876705
0.247446 0.291266 -0.924086
0.365493 0.324836 -0.872294
0.435117 0.249953 -0.864984
0.682091 0.281493 0.674918
0.903692 0.349654 0.247149
0.824728 0.488064 0.285686
0.794257 0.487087 0.363184
0.601934 0.728045 0.328064
0.259181 0.122147 -0.958074
-0.847788 0.382024 0.36785
-0.90504 0.218998 0.364612
-0.943955 0.238321 0.228367
-0.973397 0.151851 0.171581
0.0682521 0.199292 -0.97756
-0.37756 0.215752 -0.9005
-0.322051 0.361731 -0.874891
-0.247563 0.367705 -0.896385
-0.194979 0.631264 -0.750659
-0.9185 0.0434225 0.39303
0.796654 0.528566 0.293189
0.857317 0.354553 0.373229
0.783139 0.380394 0.491928
0.771456 0.289824 0.566443
-0.577435 0.332846 0.745508
-0.165943 0.364694 0.916221
-0.199655 0.51141 0.835822
-0.266272 0.518988 0.81225
-0.239988 0.762224 0.601183
0.90516 0.15136 0.39721
TEXTURE-VERTEX = 737
0.49292 0.484863
0.49292 0.740723
0.00329971 0.740723
0.00329971 0.484863
0.236694 0.00289917
0.49292 0.99707
0.00329971 0.99707
0.243896 0.0033989
0.00329971 0.207886
0.503418 0.207886
0.996582 0.207886
0.738281 0.0033989
0.996582 0.602539
0.494385 0.602539
0.996582 0.99707
0.541504 0.99707
0.00329971 0.602539
0.00329971 0.99707
0.49292 0.484863
0.49292 0.740723
0.00329971 0.740723
0.00329971 0.484863
0.236694 0.00289917
0.243896 0.0033989
0.00329971 0.207886
0.503418 0.207886
0.996582 0.207886
0.738281 0.0033989
0.996582 0.602539
0.494385 0.602539
0.996582 0.99707
0.541504 0.99707
0.00329971 0.602539
0.00329971 0.99707
0.49292 0.99707
0.00329971 0.99707
0.49292 0.484863
0.49292 0.740723
0.00329971 0.740723
0.00329971 0.484863
0.236694 0.00289917
0.49292 0.99707
0.00329971 0.99707
0.505371 0.234497
0.996582 0.234497
0.742188 0.00299835
0.505371 0.99707
0.996582 0.99707
0.505371 0.234497
0.996582 0.234497
0.742188 0.00299835
0.505371 0.99707
0.996582 0.99707
0.00329971 0.221558
0.51123 0.198853
0.25 3.05176e-005
0.996582 0.199097
0.745605 3.05176e-005
0.505371 0.597656
0.996582 0.598145
0.5 0.99707
0.00329971 0.609375
0.00329971 0.99707
0.49292 0.484863
0.49292 0.740723
0.00329971 0.740723
0.00329971 0.484863
0.236694 0.00289917
0.996582 0.99707
0.49292 0.99707
0.00329971 0.99707
0.49292 0.484863
0.49292 0.740723
0.00329971 0.740723
0.00329971 0.484863
0.236694 0.00289917
0.49292 0.99707
0.00329971 0.99707
0.505371 0.234497
0.996582 0.234497
0.742188 0.00299835
0.505371 0.99707
0.996582 0.99707
0.00329971 0.221558
0.51123 0.198853
0.25 3.05176e-005
0.996582 0.199097
0.745605 3.05176e-005
0.505371 0.597656
0.996582 0.598145
0.5 0.99707
0.00329971 0.609375
0.00329971 0.99707
0.49292 0.484863
0.49292 0.740723
0.00329971 0.740723
0.00329971 0.484863
0.236694 0.00289917
0.996582 0.99707
0.49292 0.99707
0.00329971 0.99707
0.49292 0.484863
0.49292 0.740723
0.00329971 0.740723
0.00329971 0.484863
0.236694 0.00289917
0.49292 0.99707
0.00329971 0.99707
0.505371 0.234497
0.996582 0.234497
0.742188 0.00299835
0.505371 0.99707
0.996582 0.99707
0.505371 0.234497
0.996582 0.234497
0.742188 0.00299835
0.505371 0.99707
0.996582 0.99707
0.49292 0.484863
0.49292 0.740723
0.00329971 0.740723
0.00329971 0.484863
0.236694 0.00289917
0.243896 0.0033989
0.00329971 0.207886
0.503418 0.207886
0.996582 0.207886
0.738281 0.0033989
0.996582 0.602539
0.494385 0.602539
0.996582 0.99707
0.541504 0.99707
0.00329971 0.602539
0.00329971 0.99707
0.49292 0.99707
0.00329971 0.99707
0.49292 0.484863
0.49292 0.740723
0.00329971 0.740723
0.00329971 0.484863
0.236694 0.00289917
0.49292 0.99707
0.00329971 0.99707
0.243896 0.0033989
0.00329971 0.207886
0.503418 0.207886
0.996582 0.207886
0.738281 0.0033989
0.996582 0.602539
0.494385 0.602539
0.996582 0.99707
0.541504 0.99707
0.00329971 0.602539
0.00329971 0.99707
0.243896 0.0033989
0.00329971 0.207886
0.503418 0.207886
0.996582 0.207886
0.738281 0.0033989
0.996582 0.602539
0.494385 0.602539
0.996582 0.99707
0.541504 0.99707
0.00329971 0.602539
0.00329971 0.99707
0.243896 0.0033989
0.00329971 0.207886
0.503418 0.207886
0.996582 0.207886
0.738281 0.0033989
0.996582 0.602539
0.494385 0.602539
0.996582 0.99707
0.541504 0.99707
0.00329971 0.602539
0.00329971 0.99707
0.243896 0.0033989
0.00329971 0.207886
0.503418 0.207886
0.996582 0.207886
0.738281 0.0033989
0.996582 0.602539
0.494385 0.602539
0.996582 0.99707
0.541504 0.99707
0.00329971 0.602539
0.00329971 0.99707
0.505371 0.234497
0.996582 0.234497
0.742188 0.00299835
0.505371 0.99707
0.996582 0.99707
0.00329971 0.221558
0.51123 0.198853
0.25 3.05176e-005
0.996582 0.199097
0.745605 3.05176e-005
0.505371 0.597656
0.996582 0.598145
0.5 0.99707
0.00329971 0.609375
0.00329971 0.99707
0.49292 0.484863
0.49292 0.740723
0.00329971 0.740723
0.00329971 0.484863
0.236694 0.00289917
0.243896 0.0033989
0.00329971 0.207886
0.503418 0.207886
0.996582 0.207886
0.738281 0.0033989
0.996582 0.602539
0.494385 0.602539
0.996582 0.99707
0.996582 0.99707
0.541504 0.99707
0.00329971 0.602539
0.00329971 0.99707
0.49292 0.99707
0.00329971 0.99707
0.49292 0.484863
0.49292 0.740723
0.00329971 0.740723
0.00329971 0.484863
0.236694 0.00289917
0.49292 0.99707
0.00329971 0.99707
0.243896 0.0033989
0.00329971 0.207886
0.503418 0.207886
0.996582 0.207886
0.738281 0.0033989
0.996582 0.602539
0.494385 0.602539
0.996582 0.99707
0.541504 0.99707
0.00329971 0.602539
0.00329971 0.99707
0.243896 0.0033989
0.00329971 0.207886
0.503418 0.207886
0.996582 0.207886
0.738281 0.0033989
0.996582 0.602539
0.494385 0.602539
0.996582 0.99707
0.541504 0.99707
0.00329971 0.602539
0.00329971 0.99707
0.243896 0.0033989
0.00329971 0.207886
0.503418 0.207886
0.996582 0.207886
0.738281 0.0033989
0.996582 0.602539
0.494385 0.602539
0.996582 0.99707
0.541504 0.99707
0.00329971 0.602539
0.00329971 0.99707
0.505371 0.234497
0.996582 0.234497
0.742188 0.00299835
0.505371 0.99707
0.996582 0.99707
0.505371 0.234497
0.996582 0.234497
0.742188 0.00299835
0.505371 0.99707
0.500977 0.23938
0.00329971 0.23938
0.240845 0.00299835
0.500977 0.757813
0.00329971 0.757813
0.449219 0.99707
0.00329971 0.99707
0.996582 0.189941
0.500977 0.189941
0.747559 0.00299835
0.996582 0.757813
0.996582 0.99707
0.996582 0.99707
0.00329971 0.221558
0.51123 0.198853
0.25 3.05176e-005
0.996582 0.199097
0.745605 3.05176e-005
0.505371 0.597656
0.996582 0.598145
0.5 0.99707
0.00329971 0.609375
0.00329971 0.99707
0.49292 0.484863
0.49292 0.740723
0.00329971 0.740723
0.00329971 0.484863
0.236694 0.00289917
0.243896 0.0033989
0.00329971 0.207886
0.503418 0.207886
0.996582 0.207886
0.738281 0.0033989
0.996582 0.602539
0.494385 0.602539
0.996582 0.99707
0.996582 0.99707
0.541504 0.99707
0.00329971 0.602539
0.00329971 0.99707
0.49292 0.99707
0.00329971 0.99707
0.243896 0.0033989
0.00329971 0.207886
0.503418 0.207886
0.996582 0.207886
0.738281 0.0033989
0.996582 0.602539
0.494385 0.602539
0.996582 0.99707
0.541504 0.99707
0.00329971 0.602539
0.00329971 0.99707
0.49292 0.484863
0.49292 0.740723
0.00329971 0.740723
0.00329971 0.484863
0.236694 0.00289917
0.49292 0.99707
0.00329971 0.99707
0.243896 0.0033989
0.00329971 0.207886
0.503418 0.207886
0.996582 0.207886
0.738281 0.0033989
0.996582 0.602539
0.494385 0.602539
0.996582 0.99707
0.541504 0.99707
0.00329971 0.602539
0.00329971 0.99707
0.243896 0.0033989
0.00329971 0.207886
0.503418 0.207886
0.996582 0.207886
0.738281 0.0033989
0.996582 0.602539
0.494385 0.602539
0.996582 0.99707
0.541504 0.99707
0.00329971 0.602539
0.00329971 0.99707
0.505371 0.234497
0.996582 0.234497
0.742188 0.00299835
0.505371 0.99707
0.996582 0.99707
0.00329971 0.221558
0.51123 0.198853
0.25 3.05176e-005
0.996582 0.199097
0.745605 3.05176e-005
0.505371 0.597656
0.996582 0.598145
0.5 0.99707
0.00329971 0.609375
0.00329971 0.99707
0.49292 0.484863
0.49292 0.740723
0.00329971 0.740723
0.00329971 0.484863
0.236694 0.00289917
0.996582 0.99707
0.49292 0.99707
0.00329971 0.99707
0.49292 0.484863
0.49292 0.740723
0.00329971 0.740723
0.00329971 0.484863
0.236694 0.00289917
0.49292 0.99707
0.00329971 0.99707
0.243896 0.0033989
0.00329971 0.207886
0.503418 0.207886
0.996582 0.207886
0.738281 0.0033989
0.996582 0.602539
0.494385 0.602539
0.996582 0.99707
0.541504 0.99707
0.00329971 0.602539
0.00329971 0.99707
0.243896 0.0033989
0.00329971 0.207886
0.503418 0.207886
0.996582 0.207886
0.738281 0.0033989
0.996582 0.602539
0.494385 0.602539
0.996582 0.99707
0.541504 0.99707
0.00329971 0.602539
0.00329971 0.99707
0.500977 0.23938
0.00329971 0.23938
0.240845 0.00299835
0.500977 0.757813
0.00329971 0.757813
0.449219 0.99707
0.00329971 0.99707
0.996582 0.189941
0.500977 0.189941
0.747559 0.00299835
0.996582 0.757813
0.996582 0.99707
0.243896 0.0033989
0.00329971 0.207886
0.503418 0.207886
0.996582 0.207886
0.738281 0.0033989
0.996582 0.602539
0.494385 0.602539
0.996582 0.99707
0.541504 0.99707
0.00329971 0.602539
0.00329971 0.99707
0.500977 0.23938
0.00329971 0.23938
0.240845 0.00299835
0.500977 0.757813
0.00329971 0.757813
0.449219 0.99707
0.00329971 0.99707
0.996582 0.189941
0.500977 0.189941
0.747559 0.00299835
0.996582 0.757813
0.996582 0.99707
0.243896 0.0033989
0.00329971 0.207886
0.503418 0.207886
0.996582 0.207886
0.738281 0.0033989
0.996582 0.602539
0.494385 0.602539
0.996582 0.99707
0.541504 0.99707
0.00329971 0.602539
0.00329971 0.99707
0.505371 0.234497
0.996582 0.234497
0.742188 0.00299835
0.505371 0.99707
0.996582 0.99707
0.243896 0.0033989
0.00329971 0.207886
0.503418 0.207886
0.996582 0.207886
0.738281 0.0033989
0.996582 0.602539
0.494385 0.602539
0.996582 0.99707
0.541504 0.99707
0.00329971 0.602539
0.00329971 0.99707
0.243896 0.0033989
0.00329971 0.207886
0.503418 0.207886
0.996582 0.207886
0.738281 0.0033989
0.996582 0.602539
0.494385 0.602539
0.996582 0.99707
0.541504 0.99707
0.00329971 0.602539
0.00329971 0.99707
0.500977 0.23938
0.00329971 0.23938
0.240845 0.00299835
0.500977 0.757813
0.00329971 0.757813
0.449219 0.99707
0.00329971 0.99707
0.996582 0.189941
0.500977 0.189941
0.747559 0.00299835
0.996582 0.757813
0.996582 0.99707
0.243896 0.0033989
0.00329971 0.207886
0.503418 0.207886
0.996582 0.207886
0.738281 0.0033989
0.996582 0.602539
0.494385 0.602539
0.996582 0.99707
0.541504 0.99707
0.00329971 0.602539
0.00329971 0.99707
0.505371 0.234497
0.996582 0.234497
0.742188 0.00299835
0.505371 0.99707
0.500977 0.23938
0.00329971 0.23938
0.240845 0.00299835
0.500977 0.757813
0.00329971 0.757813
0.449219 0.99707
0.00329971 0.99707
0.996582 0.189941
0.500977 0.189941
0.747559 0.00299835
0.996582 0.757813
0.996582 0.99707
0.996582 0.99707
0.49292 0.484863
0.49292 0.740723
0.00329971 0.740723
0.00329971 0.484863
0.236694 0.00289917
0.49292 0.99707
0.00329971 0.99707
0.49292 0.484863
0.49292 0.740723
0.00329971 0.740723
0.00329971 0.484863
0.236694 0.00289917
0.49292 0.99707
0.00329971 0.99707
0.243896 0.0033989
0.00329971 0.207886
0.503418 0.207886
0.996582 0.207886
0.738281 0.0033989
0.996582 0.602539
0.494385 0.602539
0.996582 0.99707
0.541504 0.99707
0.00329971 0.602539
0.00329971 0.99707
0.500977 0.23938
0.00329971 0.23938
0.240845 0.00299835
0.500977 0.757813
0.00329971 0.757813
0.449219 0.99707
0.00329971 0.99707
0.996582 0.189941
0.500977 0.189941
0.747559 0.00299835
0.996582 0.757813
0.996582 0.99707
0.500977 0.23938
0.00329971 0.23938
0.240845 0.00299835
0.500977 0.757813
0.00329971 0.757813
0.449219 0.99707
0.00329971 0.99707
0.996582 0.189941
0.500977 0.189941
0.747559 0.00299835
0.996582 0.757813
0.996582 0.99707
0.243896 0.0033989
0.00329971 0.207886
0.503418 0.207886
0.996582 0.207886
0.738281 0.0033989
0.996582 0.602539
0.494385 0.602539
0.996582 0.99707
0.541504 0.99707
0.00329971 0.602539
0.00329971 0.99707
0.505371 0.234497
0.996582 0.234497
0.742188 0.00299835
0.505371 0.99707
0.500977 0.23938
0.00329971 0.23938
0.240845 0.00299835
0.500977 0.757813
0.00329971 0.757813
0.449219 0.99707
0.00329971 0.99707
0.996582 0.189941
0.500977 0.189941
0.747559 0.00299835
0.996582 0.757813
0.996582 0.99707
0.996582 0.99707
0.00329971 0.221558
0.51123 0.198853
0.25 3.05176e-005
0.996582 0.199097
0.745605 3.05176e-005
0.505371 0.597656
0.996582 0.598145
0.5 0.99707
0.00329971 0.609375
0.00329971 0.99707
0.49292 0.484863
0.49292 0.740723
0.00329971 0.740723
0.00329971 0.484863
0.236694 0.00289917
0.996582 0.99707
0.49292 0.99707
0.00329971 0.99707
0.49292 0.484863
0.49292 0.740723
0.00329971 0.740723
0.00329971 0.484863
0.236694 0.00289917
0.49292 0.99707
0.00329971 0.99707
0.243896 0.0033989
0.00329971 0.207886
0.503418 0.207886
0.996582 0.207886
0.738281 0.0033989
0.996582 0.602539
0.494385 0.602539
0.996582 0.99707
0.541504 0.99707
0.00329971 0.602539
0.00329971 0.99707
0.500977 0.23938
0.00329971 0.23938
0.240845 0.00299835
0.500977 0.757813
0.00329971 0.757813
0.449219 0.99707
0.00329971 0.99707
0.996582 0.189941
0.500977 0.189941
0.747559 0.00299835
0.996582 0.757813
0.996582 0.99707
0.243896 0.0033989
0.00329971 0.207886
0.503418 0.207886
0.996582 0.207886
0.738281 0.0033989
0.996582 0.602539
0.494385 0.602539
0.996582 0.99707
0.541504 0.99707
0.00329971 0.602539
0.00329971 0.99707
0.500977 0.23938
0.00329971 0.23938
0.240845 0.00299835
0.500977 0.757813
0.00329971 0.757813
0.449219 0.99707
0.00329971 0.99707
0.996582 0.189941
0.500977 0.189941
0.747559 0.00299835
0.996582 0.757813
0.996582 0.99707
0.243896 0.0033989
0.00329971 0.207886
0.503418 0.207886
0.996582 0.207886
0.738281 0.0033989
0.996582 0.602539
0.494385 0.602539
0.996582 0.99707
0.541504 0.99707
0.00329971 0.602539
0.00329971 0.99707
0.505371 0.234497
0.996582 0.234497
0.742188 0.00299835
0.505371 0.99707
0.996582 0.99707
0.243896 0.0033989
0.00329971 0.207886
0.503418 0.207886
0.996582 0.207886
0.738281 0.0033989
0.996582 0.602539
0.494385 0.602539
0.996582 0.99707
0.541504 0.99707
0.00329971 0.602539
0.00329971 0.99707
0.243896 0.0033989
0.00329971 0.207886
0.503418 0.207886
0.996582 0.207886
0.738281 0.0033989
0.996582 0.602539
0.494385 0.602539
0.996582 0.99707
0.541504 0.99707
0.00329971 0.602539
0.00329971 0.99707
0.243896 0.0033989
0.00329971 0.207886
0.503418 0.207886
0.996582 0.207886
0.738281 0.0033989
0.996582 0.602539
0.494385 0.602539
0.996582 0.99707
0.541504 0.99707
0.00329971 0.602539
0.00329971 0.99707
0.500977 0.23938
0.00329971 0.23938
0.240845 0.00299835
0.500977 0.757813
0.00329971 0.757813
0.449219 0.99707
0.00329971 0.99707
0.996582 0.189941
0.500977 0.189941
0.747559 0.00299835
0.996582 0.757813
0.996582 0.99707
0.243896 0.0033989
0.00329971 0.207886
0.503418 0.207886
0.996582 0.207886
0.738281 0.0033989
0.996582 0.602539
0.494385 0.602539
0.996582 0.99707
0.541504 0.99707
0.00329971 0.602539
0.00329971 0.99707
TEXTURE-FACE = 614
132 131 133
123 125 124
125 132 124
132 125 129
131 132 129
129 130 131
130 129 128
125 128 129
128 125 126
125 127 126
32 31 33
23 25 24
25 32 24
32 25 29
31 32 29
29 30 31
30 29 28
25 28 29
28 25 26
25 27 26
16 15 17
7 9 8
9 16 8
16 9 13
15 16 13
13 14 15
14 13 12
9 12 13
12 9 10
9 11 10
735 734 736
726 728 727
728 735 727
735 728 732
734 735 732
732 733 734
733 732 731
728 731 732
731 728 729
728 730 729
721 723 722
722 724 721
724 722 717
717 725 724
725 717 719
717 720 719
720 717 718
717 715 718
715 717 714
714 716 715
34 20 35
20 34 19
18 20 19
20 18 21
21 18 22
5 2 6
2 5 1
0 2 1
2 0 3
3 0 4
699 698 697
698 699 700
701 700 702
700 701 698
701 694 698
694 697 698
697 694 695
694 696 695
692 694 693
694 701 693
712 711 713
703 705 704
705 712 704
712 705 709
711 712 709
709 710 711
710 709 708
705 708 709
708 705 706
705 707 706
690 689 691
681 683 682
683 690 682
690 683 687
689 690 687
687 688 689
688 687 686
683 686 687
686 683 684
683 685 684
674 673 675
665 667 666
667 674 666
674 667 671
673 674 671
671 672 673
672 671 670
667 670 671
670 667 668
667 669 668
660 662 661
661 663 660
663 661 656
656 664 663
664 656 658
656 659 658
659 656 657
656 654 657
654 656 653
653 655 654
679 677 680
676 677 679
676 678 677
617 614 618
614 617 613
612 614 613
614 612 615
615 612 616
610 606 611
606 610 605
604 606 605
606 604 607
607 604 608
602 601 603
601 602 599
599 609 601
609 599 600
595 600 599
599 594 595
594 596 595
594 599 602
600 595 597
595 598 597
580 578 593
577 578 580
577 579 578
529 526 530
526 529 525
524 526 525
526 524 527
527 524 528
522 519 523
519 522 518
517 519 518
519 517 520
520 517 521
503 501 516
500 501 503
500 502 501
453 451 454
450 451 453
450 452 451
380 377 381
377 380 376
375 377 376
377 375 378
378 375 379
373 369 374
369 373 368
367 369 368
369 367 370
370 367 371
365 364 366
364 365 362
362 372 364
372 362 363
358 363 362
362 357 358
357 359 358
357 362 365
363 358 360
358 361 360
355 353 356
352 353 355
352 354 353
328 325 329
325 328 324
323 325 324
325 323 326
326 323 327
226 223 227
223 226 222
221 223 222
223 221 224
224 221 225
190 188 191
187 188 190
187 189 188
141 138 142
138 141 137
136 138 137
138 136 139
139 136 140
116 114 117
113 114 116
113 115 114
111 109 112
108 109 111
108 110 109
106 103 107
103 106 102
101 103 102
103 101 104
104 101 105
99 95 100
95 99 94
93 95 94
95 93 96
96 93 97
91 90 92
90 91 88
88 98 90
98 88 89
84 89 88
88 83 84
83 85 84
83 88 91
89 84 86
84 87 86
81 79 82
78 79 81
78 80 79
76 73 77
73 76 72
71 73 72
73 71 74
74 71 75
310 295 311
295 310 294
293 295 294
295 293 296
296 293 297
219 204 220
204 219 203
202 204 203
204 202 205
205 202 206
69 65 70
65 69 64
63 65 64
65 63 66
66 63 67
291 290 292
290 291 288
288 305 290
305 288 289
284 289 288
288 283 284
283 285 284
283 288 291
289 284 286
284 287 286
269 267 282
266 267 269
266 268 267
264 262 265
261 262 264
261 263 262
651 650 652
642 644 643
644 651 643
651 644 648
650 651 648
648 649 650
649 648 647
644 647 648
647 644 645
644 646 645
628 627 629
619 621 620
621 628 620
628 621 625
627 628 625
625 626 627
626 625 624
621 624 625
624 621 622
621 623 622
588 590 589
589 591 588
591 589 584
584 592 591
592 584 586
584 587 586
587 584 585
584 582 585
582 584 581
581 583 582
61 60 62
60 61 58
58 68 60
68 58 59
54 59 58
58 53 54
53 55 54
53 58 61
59 54 56
54 57 56
51 49 52
48 49 51
48 50 49
46 44 47
43 44 46
43 45 44
121 118 122
120 118 121
118 120 119
120 134 119
134 120 135
41 38 42
38 41 37
36 38 37
38 36 39
39 36 40
200 199 201
199 200 197
197 214 199
214 197 198
193 198 197
197 192 193
192 194 193
192 197 200
198 193 195
193 196 195
228 230 229
230 237 229
237 230 234
236 237 234
234 235 236
235 234 233
230 233 234
233 230 231
230 232 231
237 236 238
404 406 405
405 407 404
407 405 408
410 407 408
407 410 409
415 407 409
407 415 414
414 412 407
412 414 411
411 413 412
575 574 576
566 568 567
568 575 567
575 568 572
574 575 572
572 573 574
573 572 571
568 571 572
571 568 569
568 570 569
549 551 550
550 552 549
552 550 545
545 553 552
553 545 547
545 548 547
548 545 546
545 543 546
543 545 542
542 544 543
484 486 485
485 487 484
487 485 480
480 488 487
488 480 482
480 483 482
483 480 481
480 478 481
478 480 477
477 479 478
561 563 562
562 564 561
564 562 557
557 565 564
565 557 559
557 560 559
560 557 558
557 555 558
555 557 554
554 556 555
637 639 638
638 640 637
640 638 633
633 641 640
641 633 635
633 636 635
636 633 634
633 631 634
631 633 630
630 632 631
540 539 541
531 533 532
533 540 532
540 533 537
539 540 537
537 538 539
538 537 536
533 536 537
536 533 534
533 535 534
511 513 512
512 514 511
514 512 507
507 515 514
515 507 509
507 510 509
510 507 508
507 505 508
505 507 504
504 506 505
330 332 331
332 339 331
339 332 336
338 339 336
336 337 338
337 336 335
332 335 336
335 332 333
332 334 333
339 338 340
416 418 417
418 425 417
425 418 422
424 425 422
422 423 424
423 422 421
418 421 422
421 418 419
418 420 419
425 424 426
489 491 490
491 498 490
498 491 495
497 498 495
495 496 497
496 495 494
491 494 495
494 491 492
491 493 492
498 497 499
277 279 278
278 280 277
280 278 273
273 281 280
281 273 275
273 276 275
276 273 274
273 271 274
271 273 270
270 272 271
475 474 476
466 468 467
468 475 467
475 468 472
474 475 472
472 473 474
473 472 471
468 471 472
471 468 469
468 470 469
464 463 465
455 457 456
457 464 456
464 457 461
463 464 461
461 462 463
462 461 460
457 460 461
460 457 458
457 459 458
448 447 449
439 441 440
441 448 440
448 441 445
447 448 445
445 446 447
446 445 444
441 444 445
444 441 442
441 443 442
434 436 435
435 437 434
437 435 430
430 438 437
438 430 432
430 433 432
433 430 431
430 428 431
428 430 427
427 429 428
207 209 208
209 217 208
217 209 213
216 217 213
213 215 216
215 213 212
209 212 213
212 209 210
209 211 210
217 216 218
298 300 299
300 308 299
308 300 304
307 308 304
304 306 307
306 304 303
300 303 304
303 300 301
300 302 301
308 307 309
143 145 144
145 152 144
152 145 149
151 152 149
149 150 151
150 149 148
145 148 149
148 145 146
145 147 146
152 151 153
154 156 155
156 163 155
163 156 160
162 163 160
160 161 162
161 160 159
156 159 160
159 156 157
156 158 157
163 162 164
165 167 166
167 174 166
174 167 171
173 174 171
171 172 173
172 171 170
167 170 171
170 167 168
167 169 168
174 173 175
176 178 177
178 185 177
185 178 182
184 185 182
182 183 184
183 182 181
178 181 182
181 178 179
178 180 179
185 184 186
239 241 240
241 248 240
248 241 245
247 248 245
245 246 247
246 245 244
241 244 245
244 241 242
241 243 242
248 247 249
250 252 251
252 259 251
259 252 256
258 259 256
256 257 258
257 256 255
252 255 256
255 252 253
252 254 253
259 258 260
312 314 313
314 321 313
321 314 318
320 321 318
318 319 320
319 318 317
314 317 318
317 314 315
314 316 315
321 320 322
341 343 342
343 350 342
350 343 347
349 350 347
347 348 349
348 347 346
343 346 347
346 343 344
343 345 344
350 349 351
382 384 383
384 391 383
391 384 388
390 391 388
388 389 390
389 388 387
384 387 388
387 384 385
384 386 385
391 390 392
393 395 394
395 402 394
402 395 399
401 402 399
399 400 401
400 399 398
395 398 399
398 395 396
395 397 396
402 401 403
ATTRIBUTE_COUNT = 0
VERTEXWEIGHT = 0
BONEOBJECT_COUNT = 0
