EXPORTER_V15
MESH_EXPORT
MATERIALGROUP = 2
MATERIAL 0
DIFFUSE 0.588 0.588 0.588 1
AMBIENT 0.588 0.588 0.588 1
SPECULAR 0.9 0.9 0.9 1
EMISSIVE 0.588 0.588 0.588 0
POWER 0.0
TEXTURE_DIR_PATH texture/map
TEXTURE  
SPECULAR_TEXTURE  
BUMP_TEXTURE  
MATERIAL 1
DIFFUSE 0.588 0.588 0.588 1
AMBIENT 0.588 0.588 0.588 1
SPECULAR 0.9 0.9 0.9 1
EMISSIVE 0.588 0.588 0.588 0
POWER 0.0
TEXTURE_DIR_PATH texture/map
TEXTURE ../media/texture/map/Drock01_T.tga
SPECULAR_TEXTURE  
BUMP_TEXTURE  
GEOMOBJECT_COUNT = 1
MESH_NAME = Drock_Sm
MATERIAL_COUNT = 1
MATERIAL_ID = 1
VERTEX = 608
-618.565 215.582 -377.016
-573.175 314.215 -339.026
-705.373 194.775 -300.341
343.312 474.046 -361.776
419.515 308.708 -444.785
511.693 327.832 -377.057
465.145 456.157 -281.553
425.618 508.882 -199.19
438.943 557.131 -42.2123
315.363 513.325 -41.1593
-821.444 167.344 55.8474
-824.047 169.898 0.0
-789.292 385.536 0.0
-779.455 381.466 52.5542
0.0 509.203 239.71
-9.4999 493.68 379.774
-325.721 508.475 271.086
459.121 534.745 85.76
359.279 477.572 122.011
844.127 73.3469 24.4451
813.003 79.6419 117.269
761.327 131.154 101.795
779.03 120.618 -7.8837
-598.037 241.298 381.249
-439.906 240.058 458.738
-452.392 0.0 494.771
-612.594 0.0 445.105
-9.4999 493.68 379.774
-9.4999 414.41 410.271
-181.672 325.935 426.748
-236.172 478.013 376.453
112.115 0.0 715.641
0.0 0.0 751.648
-0.0892 142.48 683.682
82.8322 123.42 661.187
537.773 205.609 266.855
613.512 103.121 287.429
525.123 172.321 290.152
-692.754 449.118 -64.5305
-691.676 466.922 -16.3596
-737.167 415.815 0.0
-727.204 343.433 -70.718
-772.502 313.087 -59.9567
-749.373 152.92 -104.411
-703.851 269.121 -89.392
-727.204 343.433 -70.718
-810.327 91.3581 -75.9509
-806.634 0.0 -145.0
-805.491 176.456 -68.9999
-789.292 385.536 0.0
-772.502 313.087 -59.9567
-772.502 313.087 -59.9567
-789.292 385.536 0.0
-824.047 169.898 0.0
-805.491 176.456 -68.9999
-873.156 0.0 -33.9367
-806.634 0.0 -145.0
-810.327 91.3581 -75.9509
-749.373 152.92 -104.411
-806.634 0.0 -145.0
-781.507 0.0 -230.932
-751.722 76.2004 -258.086
-645.378 463.384 -110.189
-639.135 491.946 -16.356
-691.676 466.922 -16.3596
-692.754 449.118 -64.5305
-702.374 268.458 -235.861
-621.6 457.748 -216.973
-645.378 463.384 -110.189
-703.851 269.121 -89.392
-645.378 463.384 -110.189
-692.754 449.118 -64.5305
-749.373 152.92 -104.411
-621.6 457.748 -216.973
-702.374 268.458 -235.861
-547.017 493.68 -294.122
-621.6 457.748 -216.973
-547.017 493.68 -294.122
-541.546 508.224 -240.586
-684.969 144.288 301.097
-780.493 0.0 282.94
-717.938 166.822 226.1
-733.326 411.736 42.7921
-687.652 466.778 39.2904
-615.838 477.023 99.1678
-717.306 361.315 105.608
-772.586 75.3982 -351.047
-807.14 0.0 -353.681
-746.552 0.0 -503.805
-723.497 52.5805 -484.505
-350.569 0.0 -580.897
-399.792 83.1381 -521.256
-463.665 0.0 -580.942
-618.565 215.582 -377.016
-689.495 193.271 -444.625
-591.209 192.76 -496.351
-562.305 207.996 -410.902
-618.565 215.582 -377.016
-705.373 194.775 -300.341
-736.363 154.438 -348.287
-689.495 193.271 -444.625
-751.722 76.2004 -258.086
-781.507 0.0 -230.932
-807.14 0.0 -353.681
-772.586 75.3982 -351.047
-594.986 0.0 -580.33
-483.024 72.4409 -549.183
-588.343 52.3251 -549.193
-516.44 308.282 -367.944
-573.175 314.215 -339.026
-458.152 166.276 -475.597
-399.792 83.1381 -521.256
-392.09 149.939 -506.23
-458.152 166.276 -475.597
-514.508 144.882 -502.469
-399.792 83.1381 -521.256
-344.653 155.954 -478.224
-392.09 149.939 -506.23
-821.444 167.344 55.8474
-765.091 178.14 137.645
-806.593 0.0 165.452
-873.906 0.0 79.7059
-873.906 0.0 79.7059
-873.156 0.0 -33.9367
-779.455 381.466 52.5542
676.459 137.951 -538.417
655.624 208.578 -523.108
591.525 202.811 -548.616
622.167 128.218 -569.183
367.733 230.212 -470.869
442.076 217.065 -544.104
486.7 266.579 -532.929
419.515 308.708 -444.785
869.704 0.0 -242.455
798.69 158.567 -234.596
763.439 132.451 -381.237
831.187 0.0 -401.426
583.971 305.532 -328.234
511.693 327.832 -377.057
609.661 281.868 -496.189
662.598 257.257 -421.568
486.7 266.579 -532.929
609.661 281.868 -496.189
707.638 0.0 -580.863
812.321 0.0 -472.119
740.723 93.9003 -454.429
676.459 137.951 -538.417
707.638 0.0 -580.863
812.321 0.0 -472.119
740.723 93.9003 -454.429
694.534 208.458 -471.51
655.624 208.578 -523.108
655.347 350.33 -23.6705
602.759 454.181 -39.2771
617.448 405.861 -229.468
701.681 312.267 -248.722
577.948 565.975 -43.3966
425.618 508.882 -199.19
569.103 487.959 -213.1
1.4412 477.984 -429.466
4.182 475.201 -390.335
-42.291 464.694 -380.097
1.4412 477.984 -429.466
-42.291 464.694 -380.097
-41.4509 393.785 -389.841
0.6731 415.941 -430.484
86.3577 474.348 -436.719
1.4412 477.984 -429.466
0.6731 415.941 -430.484
83.1118 409.164 -430.484
-454.37 509.441 -289.023
-484.923 490.372 -322.805
-78.5828 210.788 -645.986
0.5358 341.563 -568.658
-125.812 234.705 -576.495
-287.404 201.082 -460.691
-301.441 293.804 -409.457
-410.182 232.219 -465.669
308.897 0.0 -479.684
330.218 116.611 -452.886
253.384 83.5387 -482.566
277.89 0.0 -501.381
223.287 72.8899 -619.695
120.862 0.0 -724.551
242.843 0.0 -619.527
277.89 0.0 -501.381
253.384 83.5387 -482.566
223.287 72.8899 -619.695
242.843 0.0 -619.527
182.716 131.158 -610.946
162.271 256.944 -425.313
91.8993 344.333 -426.453
86.1615 329.165 -500.591
145.809 254.682 -515.919
-0.3482 336.338 -489.131
0.0 353.238 -434.005
-59.8438 318.323 -425.695
-126.348 249.26 -438.521
-228.511 172.905 -485.44
-126.137 243.545 -492.691
91.8993 344.333 -426.453
0.0 353.238 -434.005
-0.3482 336.338 -489.131
86.1615 329.165 -500.591
204.972 134.23 -458.987
145.809 254.682 -515.919
117.462 244.559 -611.98
182.716 131.158 -610.946
86.1615 329.165 -500.591
78.3539 329.449 -590.409
117.462 244.559 -611.98
145.809 254.682 -515.919
308.897 0.0 -479.684
420.844 0.0 -592.785
441.774 115.377 -562.616
330.218 116.611 -452.886
93.9415 488.936 -361.843
-0.6143 493.68 -361.158
85.2893 473.243 -389.194
-204.095 0.0 -513.045
-169.648 62.1076 -618.968
-161.002 138.111 -583.523
-172.104 124.63 -478.817
-463.708 453.018 -326.815
-547.017 493.68 -294.122
-295.816 53.2417 -521.332
-262.038 121.583 -499.5
-344.653 155.954 -478.224
-399.792 83.1381 -521.256
117.462 244.559 -611.98
30.1795 239.145 -655.905
110.073 154.803 -689.199
-177.613 0.0 -638.291
-169.648 62.1076 -618.968
-177.613 0.0 -638.291
-110.554 0.0 -703.971
-121.094 128.374 -644.868
-14.4329 0.0 -728.916
120.862 0.0 -724.551
110.073 154.803 -689.199
-11.6001 100.447 -705.083
-161.002 138.111 -583.523
-14.4329 0.0 -728.916
-11.6001 100.447 -705.083
-121.094 128.374 -644.868
-110.554 0.0 -703.971
-78.5828 210.788 -645.986
-169.648 62.1076 -618.968
-121.094 128.374 -644.868
78.3539 329.449 -590.409
0.5358 341.563 -568.658
182.716 131.158 -610.946
110.073 154.803 -689.199
117.462 244.559 -611.98
86.3577 474.348 -436.719
122.057 465.216 -384.578
-123.505 464.544 -384.267
-118.682 374.545 -393.796
-41.4509 393.785 -389.841
-42.291 464.694 -380.097
0.5358 341.563 -568.658
78.3539 329.449 -590.409
343.312 474.046 -361.776
122.057 465.216 -384.578
86.3577 474.348 -436.719
83.1118 409.164 -430.484
126.035 398.56 -395.718
-228.511 172.905 -485.44
-287.404 201.082 -460.691
-172.104 124.63 -478.817
-262.038 121.583 -499.5
-295.816 53.2417 -521.332
-204.095 0.0 -513.045
-228.511 172.905 -485.44
-123.505 464.544 -384.267
-239.014 455.216 -360.427
-215.529 414.448 -375.841
-118.682 374.545 -393.796
-146.855 271.603 -432.088
-126.348 249.26 -438.521
-59.8438 318.323 -425.695
-350.569 0.0 -580.897
-350.569 0.0 -580.897
-779.455 381.466 52.5542
-717.306 361.315 105.608
-684.969 144.288 301.097
-598.037 241.298 381.249
-612.594 0.0 445.105
-780.493 0.0 282.94
-566.713 460.262 174.094
-416.699 475.049 363.569
-598.037 241.298 381.249
-655.035 316.563 223.357
-395.598 504.458 -195.402
-242.204 520.498 31.0336
-531.071 503.112 -16.3458
-520.62 495.06 -134.346
-779.455 381.466 52.5542
-789.292 385.536 0.0
-737.167 415.815 0.0
-733.326 411.736 42.7921
-691.676 466.922 -16.3596
-687.652 466.778 39.2904
-639.135 491.946 -16.356
-615.838 477.023 99.1678
-516.44 308.282 -367.944
-471.797 244.685 -427.463
-446.209 299.229 -410.967
-366.998 386.281 -383.619
-330.007 492.055 -368.753
-397.836 407.562 -365.506
-463.708 453.018 -326.815
-415.949 477.86 -328.23
-484.923 490.372 -322.805
-415.949 477.86 -328.23
-396.33 506.87 -294.315
-723.497 52.5805 -484.505
-588.343 52.3251 -549.193
-746.552 0.0 -503.805
-594.986 0.0 -580.33
-410.182 232.219 -465.669
-471.797 244.685 -427.463
-285.449 383.244 -387.071
-239.014 455.216 -360.427
-330.007 492.055 -368.753
-366.998 386.281 -383.619
-285.449 383.244 -387.071
-301.441 293.804 -409.457
-562.305 207.996 -410.902
-591.209 192.76 -496.351
-562.305 207.996 -410.902
-458.152 166.276 -475.597
-59.8438 318.323 -425.695
0.0 353.238 -434.005
0.0 353.238 -434.005
91.8993 344.333 -426.453
-146.855 271.603 -432.088
-59.8438 318.323 -425.695
-146.855 271.603 -432.088
-287.404 201.082 -460.691
91.8993 344.333 -426.453
162.271 256.944 -425.313
591.525 202.811 -548.616
486.7 266.579 -532.929
442.076 217.065 -544.104
538.641 116.484 -565.557
591.525 202.811 -548.616
441.774 115.377 -562.616
420.844 0.0 -592.785
531.197 0.0 -618.146
545.414 538.267 54.4281
491.236 410.316 134.004
-0.0892 142.48 683.682
-4.3386 281.355 483.707
149.18 185.13 527.849
82.8322 123.42 661.187
-88.7785 123.42 660.045
-158.241 185.13 522.057
-121.109 0.0 705.224
-88.7785 123.42 660.045
-0.0892 142.48 683.682
0.0 0.0 751.648
199.096 0.0 590.83
112.115 0.0 715.641
82.8322 123.42 661.187
149.18 185.13 527.849
-88.7785 123.42 660.045
-121.109 0.0 705.224
-210.8 0.0 579.246
-158.241 185.13 522.057
347.166 147.149 449.709
248.736 122.025 526.994
243.269 181.93 439.54
158.511 242.911 424.891
207.153 299.103 424.602
243.269 181.93 439.54
-9.4999 414.41 410.271
-9.4999 493.68 379.774
67.0521 426.039 381.435
199.096 0.0 590.83
149.18 185.13 527.849
248.736 122.025 526.994
276.803 0.0 582.649
385.869 67.2603 500.061
347.166 147.149 449.709
507.726 146.381 405.022
555.314 102.064 436.456
525.123 172.321 290.152
537.773 205.609 266.855
374.17 342.947 295.265
491.236 410.316 134.004
625.286 265.005 161.037
816.806 44.9719 161.7
806.958 0.0 208.909
760.901 0.0 258.817
754.691 100.167 230.151
943.651 0.0 56.2522
934.392 0.0 144.902
913.485 48.318 106.839
919.352 59.7351 69.6127
673.333 85.2714 290.71
613.512 103.121 287.429
691.196 134.018 181.233
754.691 100.167 230.151
705.998 227.288 89.4423
655.347 350.33 -23.6705
779.03 120.618 -7.8837
761.327 131.154 101.795
847.943 0.0 -124.033
904.006 0.0 -22.1646
376.406 300.326 318.247
274.621 319.415 395.946
267.916 360.157 386.624
210.515 442.63 284.815
359.279 477.572 122.011
267.916 360.157 386.624
210.515 442.63 284.815
376.406 300.326 318.247
-9.4999 493.68 379.774
210.515 442.63 284.815
166.551 425.073 388.838
67.0521 426.039 381.435
166.551 425.073 388.838
201.527 339.053 418.407
122.774 339.874 407.007
67.0521 426.039 381.435
122.774 339.874 407.007
-4.3386 281.355 483.707
-452.392 0.0 494.771
-439.906 240.058 458.738
-297.031 203.418 486.338
-303.664 0.0 513.722
166.551 425.073 388.838
201.527 339.053 418.407
267.916 360.157 386.624
274.621 319.415 395.946
207.153 299.103 424.602
347.166 147.149 449.709
243.269 181.93 439.54
158.511 242.911 424.891
243.269 181.93 439.54
166.551 425.073 388.838
255.191 127.165 -456.541
367.733 230.212 -470.869
260.832 237.152 -449.774
419.515 308.708 -444.785
265.453 337.14 -433.999
798.69 158.567 -234.596
869.704 0.0 -242.455
847.943 0.0 -124.033
779.03 120.618 -7.8837
844.127 73.3469 24.4451
904.006 0.0 -22.1646
943.651 0.0 56.2522
919.352 59.7351 69.6127
879.469 0.0 191.29
816.806 44.9719 161.7
934.392 0.0 144.902
813.003 79.6419 117.269
913.485 48.318 106.839
813.003 79.6419 117.269
913.485 48.318 106.839
806.958 0.0 208.909
673.333 85.2714 290.71
677.479 0.0 318.631
625.029 74.2797 313.214
613.512 103.121 287.429
613.512 103.121 287.429
625.029 74.2797 313.214
677.479 0.0 318.631
604.923 0.0 478.925
555.314 102.064 436.456
555.314 102.064 436.456
385.869 67.2603 500.061
347.166 147.149 449.709
-398.718 295.579 -428.648
-4.3386 281.355 483.707
-158.241 185.13 522.057
-416.699 475.049 363.569
-236.172 478.013 376.453
-416.699 475.049 363.569
-158.241 185.13 522.057
-210.8 0.0 579.246
-303.664 0.0 513.722
-297.031 203.418 486.338
-236.172 478.013 376.453
-181.672 325.935 426.748
604.923 0.0 478.925
378.575 0.0 494.579
378.575 0.0 494.579
276.803 0.0 582.649
602.759 454.181 -39.2771
566.98 390.395 61.8933
625.286 265.005 161.037
754.691 100.167 230.151
691.196 134.018 181.233
122.057 465.216 -384.578
288.846 411.76 -413.388
343.312 474.046 -361.776
210.515 442.63 284.815
123.581 487.466 142.919
22.8817 537.921 0.0
-236.172 478.013 376.453
-325.721 508.475 271.086
-9.4999 493.68 379.774
248.074 506.667 -198.917
291.284 503.134 -275.697
465.145 456.157 -281.553
291.284 503.134 -275.697
288.846 411.76 -413.388
343.312 474.046 -361.776
126.035 398.56 -395.718
511.693 327.832 -377.057
583.971 305.532 -328.234
569.125 370.207 -296.906
577.948 565.975 -43.3966
577.948 565.975 -43.3966
569.103 487.959 -213.1
617.448 405.861 -229.468
569.103 487.959 -213.1
465.145 456.157 -281.553
376.406 300.326 318.247
374.17 342.947 295.265
210.515 442.63 284.815
-416.699 475.049 363.569
-566.713 460.262 174.094
-490.981 494.127 129.871
-325.721 508.475 271.086
-490.981 494.127 129.871
-416.699 475.049 363.569
-806.593 0.0 165.452
-765.091 178.14 137.645
-717.938 166.822 226.1
-780.493 0.0 282.94
-717.306 361.315 105.608
-615.838 477.023 99.1678
-566.713 460.262 174.094
-655.035 316.563 223.357
-639.135 491.946 -16.356
-520.62 495.06 -134.346
-531.071 503.112 -16.3458
-0.4454 505.841 -261.883
-0.6143 493.68 -361.158
93.9415 488.936 -361.843
112.777 502.204 -274.007
-219.128 503.248 -240.016
-238.516 500.961 -339.855
-454.37 509.441 -289.023
-541.546 508.224 -240.586
-396.33 506.87 -294.315
-330.007 492.055 -368.753
-238.516 500.961 -339.855
112.777 502.204 -274.007
701.681 312.267 -248.722
702.568 252.956 -351.623
694.534 208.458 -471.51
702.568 252.956 -351.623
662.598 257.257 -421.568
694.534 208.458 -471.51
740.723 93.9003 -454.429
701.681 312.267 -248.722
583.971 305.532 -328.234
701.681 312.267 -248.722
655.624 208.578 -523.108
609.661 281.868 -496.189
-547.017 493.68 -294.122
-397.836 407.562 -365.506
-463.708 453.018 -326.815
-398.718 295.579 -428.648
-301.441 293.804 -409.457
-239.014 455.216 -360.427
-123.505 464.544 -384.267
622.167 128.218 -569.183
707.638 0.0 -580.863
-689.495 193.271 -444.625
-736.363 154.438 -348.287
-736.363 154.438 -348.287
-705.373 194.775 -300.341
-705.373 194.775 -300.341
438.943 557.131 -42.2123
-78.5828 210.788 -645.986
30.1795 239.145 -655.905
0.5358 341.563 -568.658
-11.6001 100.447 -705.083
204.972 134.23 -458.987
-125.812 234.705 -576.495
-126.137 243.545 -492.691
-126.137 243.545 -492.691
0.5358 341.563 -568.658
-0.3482 336.338 -489.131
-126.137 243.545 -492.691
-702.374 268.458 -235.861
30.1795 239.145 -655.905
-125.812 234.705 -576.495
253.384 83.5387 -482.566
-398.718 295.579 -428.648
-446.209 299.229 -410.967
-330.007 492.055 -368.753
-415.949 477.86 -328.23
265.453 337.14 -433.999
265.453 337.14 -433.999
126.035 398.56 -395.718
162.271 256.944 -425.313
260.832 237.152 -449.774
204.972 134.23 -458.987
255.191 127.165 -456.541
253.384 83.5387 -482.566
613.512 103.121 287.429
INDEX = 460
97 99 98
99 97 100
7 9 8
350 351 492
17 351 350
350 8 17
8 18 17
18 8 9
9 499 18
499 9 500
500 15 499
15 500 14
14 16 15
351 17 18
492 515 350
8 350 515
14 294 16
294 528 16
528 294 295
528 295 538
293 295 294
295 293 296
543 541 544
541 543 542
542 545 541
545 542 546
546 293 545
293 546 549
547 293 549
547 296 293
296 547 548
505 541 501
545 501 541
293 294 545
545 294 501
294 14 501
14 500 501
500 9 501
9 505 501
7 505 9
505 7 506
544 505 506
541 505 544
31 33 32
33 31 34
481 483 482
483 481 484
486 484 481
484 486 485
583 580 581
580 582 581
508 216 552
216 160 217
160 216 218
254 218 255
216 255 218
255 216 262
508 262 216
262 508 157
157 507 262
507 157 158
156 158 157
157 579 156
551 314 315
314 551 550
550 551 570
551 571 570
217 571 551
571 217 161
160 161 217
159 161 160
218 159 160
159 218 254
64 62 65
62 64 63
63 539 62
62 539 78
78 76 62
76 78 77
170 77 78
77 170 171
170 314 171
314 170 315
539 63 540
29 27 30
27 29 28
29 476 28
476 29 477
23 24 480
23 25 24
25 23 26
396 398 397
398 396 399
366 368 367
368 366 369
362 364 363
364 362 365
358 360 359
360 358 361
285 287 286
287 285 288
600 602 601
602 600 603
603 604 602
604 603 605
605 606 604
176 177 475
116 176 175
176 116 177
177 116 117
115 117 116
392 394 393
408 19 409
19 408 22
21 19 22
19 21 20
21 392 20
392 21 395
394 392 395
463 394 395
394 463 464
463 465 464
465 463 466
587 588 593
587 589 588
325 569 568
569 325 322
324 322 325
322 324 323
383 490 489
490 383 371
371 383 370
370 372 371
330 306 331
306 330 305
305 307 306
305 566 307
566 305 567
598 566 567
597 566 598
352 357 356
357 352 353
352 354 353
354 352 355
311 313 312
311 565 313
502 503 529
502 504 503
297 299 298
299 297 300
300 301 299
301 300 302
302 303 301
303 302 304
304 526 303
526 304 525
524 526 525
526 524 527
344 345 347
343 345 344
345 343 346
346 572 345
573 345 572
345 573 349
349 347 345
347 349 348
456 462 455
455 457 456
461 456 457
456 461 460
276 274 277
274 276 275
276 326 275
326 276 327
277 327 276
327 277 338
338 339 327
451 453 452
453 451 454
458 454 451
454 458 459
496 498 497
496 497 511
497 599 511
534 536 535
536 534 537
531 537 534
537 531 532
530 532 531
532 530 533
35 37 36
35 521 37
521 35 522
522 523 521
433 434 441
433 435 434
435 433 436
436 437 435
437 436 438
373 375 374
423 373 374
373 423 424
422 424 423
424 422 425
429 479 478
479 429 430
428 430 429
430 428 431
381 379 382
379 381 380
440 380 381
380 440 439
439 427 380
427 439 426
426 376 427
376 426 378
376 378 377
472 488 487
488 472 473
472 474 473
418 420 419
420 418 421
416 432 415
415 417 416
244 246 243
242 244 243
244 242 245
251 252 253
251 183 252
183 251 182
182 184 183
237 239 238
239 237 240
592 239 240
445 509 510
446 509 445
443 446 445
446 443 444
443 442 444
442 443 179
179 180 442
178 180 179
180 178 181
153 517 516
517 153 154
152 154 153
154 152 155
152 447 155
447 152 450
449 447 450
447 449 448
513 518 562
518 513 514
512 514 513
520 514 512
520 518 514
518 520 519
233 235 234
235 233 236
249 230 250
230 249 229
229 231 230
278 280 279
267 278 279
278 267 268
267 227 268
227 267 226
225 227 226
227 225 228
228 225 282
208 210 209
210 208 211
283 119 284
119 283 118
118 120 119
120 118 121
113 106 114
106 113 91
114 328 113
328 114 329
114 107 329
106 107 114
106 105 107
105 106 92
91 92 106
90 92 91
556 561 560
561 556 557
556 558 557
558 556 559
110 112 111
110 320 112
320 110 321
321 595 320
595 321 596
596 308 595
308 596 310
308 310 309
5 3 6
3 5 4
142 4 5
4 142 141
142 342 141
219 220 232
219 221 220
221 219 222
222 585 221
585 222 586
101 103 102
103 101 104
101 576 104
576 101 577
468 470 469
470 468 471
607 471 468
204 206 205
206 204 207
594 207 204
200 202 201
202 200 203
203 260 202
260 203 261
194 196 195
196 194 197
197 194 199
197 199 198
281 271 272
271 269 272
269 271 270
270 273 269
273 590 269
134 554 553
554 134 135
133 135 134
135 133 136
148 135 136
135 148 149
135 149 554
515 492 491
491 492 405
492 404 405
404 406 405
406 404 407
404 494 407
494 404 495
495 404 493
404 492 493
492 351 493
46 43 47
43 46 48
43 48 42
42 44 43
44 42 45
45 70 44
70 45 71
410 412 411
411 384 410
384 387 410
385 387 384
467 387 385
467 385 386
384 386 385
413 390 414
390 413 389
388 390 389
390 388 391
401 391 388
391 401 402
400 402 401
402 400 403
190 192 191
192 190 193
584 193 190
186 187 189
185 187 186
187 185 188
38 40 39
40 38 41
41 49 40
49 41 50
51 53 52
53 51 54
57 53 54
53 57 55
55 57 56
58 60 59
60 58 61
61 58 578
58 591 578
12 10 13
10 12 11
123 10 11
10 123 122
172 174 173
174 172 241
241 172 248
241 248 247
334 169 335
169 334 168
168 166 169
166 168 167
257 337 336
337 257 258
256 258 257
258 256 259
162 164 163
164 162 165
333 164 165
164 333 332
340 266 341
266 340 265
265 263 266
263 265 264
212 214 213
214 212 215
215 130 214
130 215 129
129 131 130
131 129 132
137 139 138
139 137 140
140 555 139
555 563 139
143 145 144
145 143 146
146 150 145
150 146 151
318 317 319
317 318 316
316 95 317
95 316 94
93 95 94
95 93 96
93 108 96
108 93 109
109 223 108
223 109 224
86 88 87
88 86 89
575 89 86
89 575 574
126 127 564
125 127 126
127 125 128
147 128 125
66 68 67
68 66 69
69 66 72
0 2 1
74 1 2
73 1 74
1 73 75
82 84 83
84 82 85
124 85 82
79 81 80
291 81 79
81 291 292
291 289 292
289 291 290
FACE-NORMAL = 460
-0.497357 0.794973 -0.347352
-0.425793 0.891899 0.152371
-0.32519 0.911315 -0.252501
0.701706 0.137627 0.699047
0.296301 0.410783 0.862243
0.0211525 0.985383 0.169036
-0.423189 0.878812 0.220455
-0.318215 0.904531 0.283837
0.00370106 0.977028 0.213081
0.102343 0.964823 0.242162
0.277328 0.951824 0.130848
0.265269 0.956173 0.123958
0.00844334 0.993817 0.110711
0.112616 0.384334 0.9163
0.924069 0.15246 0.350504
-0.0592642 0.965454 0.253743
0.00267613 0.998697 0.0509536
-0.0994071 0.99493 0.0152491
-0.0731349 0.994016 0.0811331
-0.102382 0.99076 0.0889521
-0.0545274 0.997942 -0.0337545
-0.112345 0.990638 -0.0775533
0.0153995 0.988171 -0.152581
0.0488648 0.991385 -0.121524
-0.0239164 0.992302 -0.121513
0.0280427 0.999205 -0.0283343
0.00101485 0.999733 -0.0230978
0.0443282 0.998728 0.0240266
0.046434 0.998633 0.0240087
-0.0375013 0.996358 0.0765795
0.049085 0.992348 0.113293
0.0281218 0.991883 -0.124007
-0.0237154 0.992554 -0.119472
-0.00941677 0.997886 -0.0643096
-0.0735314 0.994863 -0.0695757
-0.0518715 0.992136 0.11391
0.2771 0.950539 0.140329
0.116776 0.959478 0.256447
0.0733337 0.994614 -0.0732522
-0.0125194 0.999243 -0.0368283
-0.0125352 0.998516 -0.0529973
-0.00566806 0.998776 -0.0491446
0.0214803 0.994971 -0.0978343
0.27839 0.413669 0.86682
0.32834 0.445408 0.832949
-0.53229 0.384156 0.754382
-0.22989 0.137201 0.963497
-0.142799 0.538396 0.830505
0.111471 0.347819 0.930912
-0.181055 0.376661 -0.908485
-0.225157 0.593236 -0.772901
-0.00655247 0.988967 -0.147993
0.0386613 0.847045 -0.530113
0.0279279 0.863201 -0.504087
0.209923 0.977333 0.027437
0.243677 0.805958 -0.539494
0.0430245 0.717445 -0.695285
0.057147 0.955789 -0.288447
0.106865 0.959749 -0.259734
0.368448 0.853143 -0.369314
0.0751776 0.855824 -0.511774
0.0909681 0.903013 -0.419871
-0.0632457 0.955449 -0.288301
-0.141987 0.791306 -0.594705
-0.123146 0.988728 0.0851636
0.241325 0.39584 -0.886043
-0.216099 0.402406 -0.88959
-0.0400949 0.719242 -0.693602
0.0434308 0.50195 -0.863805
-0.297325 0.783763 -0.545264
-0.2022 0.975772 0.0835683
0.0230973 0.997327 0.0693212
0.0448357 0.998701 0.0242224
-0.518471 0.805776 -0.286204
-0.417516 0.876658 -0.239062
-0.28481 0.922157 -0.261742
-0.213381 0.963541 0.161421
-0.560712 0.81086 -0.167656
-0.560214 0.812082 -0.163353
-0.149482 0.957942 -0.244952
-0.133132 0.909786 -0.393148
0.10517 0.822283 -0.559276
-0.0245311 0.766667 -0.641576
-0.102471 0.99177 -0.0767561
-0.0348653 0.302518 0.952506
-0.0947725 0.357455 0.92911
-0.159719 0.472249 0.866874
-0.130984 0.540677 0.83097
-0.405132 0.377279 0.832783
-0.433681 0.155773 0.8875
-0.285835 0.261235 0.921984
0.88523 0.455872 0.0924599
0.916426 0.318634 0.242147
-0.749538 0.391688 0.533642
-0.746415 0.380554 0.545933
0.749025 0.408023 0.521994
0.74186 0.38645 0.547996
-0.315145 0.397943 0.861583
-0.326991 0.406713 0.853031
-0.777032 0.204428 0.595341
-0.651675 0.346525 0.674714
-0.19916 0.151376 -0.968205
-0.206977 0.161794 -0.964875
-0.199382 0.194193 -0.960487
0.0567682 0.0584078 -0.996677
0.112794 0.505594 -0.855367
0.178921 0.472013 -0.863245
-0.101325 0.46935 -0.877179
0.25503 0.366438 -0.894809
0.402139 0.47444 -0.783065
0.490652 0.136997 -0.860519
0.643642 0.4826 0.593988
0.612827 0.714629 -0.337267
0.655667 0.683514 -0.320795
0.582328 0.812798 0.015917
0.668297 0.723005 0.175049
0.537656 0.686442 0.489615
0.760509 0.621131 0.189268
0.802267 0.209692 0.558925
0.544986 0.261743 0.796543
0.558973 0.282445 0.779598
0.34352 0.307284 0.887452
0.168518 0.693511 0.70046
-0.640524 0.763437 -0.0830204
-0.59385 0.80325 0.0461771
0.185447 0.384165 -0.904448
-0.031757 0.248013 -0.968236
-0.0361805 0.151483 -0.987797
0.182683 0.23551 -0.954548
0.648691 -0.131446 0.749614
0.342816 0.45396 0.822434
0.381793 0.61808 0.687176
0.218557 0.811381 0.54212
-0.334022 0.450224 -0.828087
-0.347532 0.499 -0.793864
-0.427366 0.439434 -0.790099
-0.404027 0.501459 -0.76505
-0.278955 0.355165 -0.892212
-0.237605 0.406555 -0.882189
-0.446687 0.326578 -0.832957
-0.308902 0.800549 0.513517
-0.345189 0.767424 0.540283
0.334111 0.777474 0.532827
0.323402 0.787125 0.52521
-0.0656722 0.0695649 -0.995413
-0.421304 -0.143133 -0.895554
-0.0375132 0.951027 0.306824
-0.0698888 0.940895 0.33141
-0.495905 0.853708 0.158936
-0.525175 0.841412 0.127346
-0.719685 0.682094 0.12962
-0.766516 0.639684 0.0570799
-0.42976 0.902325 0.0334029
-0.283552 0.942125 0.17888
-0.172562 0.971861 0.160339
-0.20965 0.915888 0.342338
-0.314324 0.932846 0.176065
-0.207938 0.967325 0.145065
-0.0318991 0.179097 -0.983314
0.00651932 0.214568 -0.976687
-0.021583 0.205232 -0.978475
-0.0752441 0.236203 -0.968786
-0.0512501 0.056665 -0.997077
0.190028 0.393867 -0.89931
-0.0323512 0.41298 -0.910165
-0.214798 0.283358 -0.93465
0.169615 0.695653 0.698067
0.374733 0.814077 0.443682
0.349441 0.668433 0.656573
0.297726 0.764825 0.571316
-0.142806 0.0966399 -0.985021
-0.21463 0.234798 -0.948053
-0.00604047 0.350594 -0.936508
0.051621 0.233777 -0.970919
-0.0519501 0.30221 -0.951825
-0.0828776 0.367286 -0.926408
-0.0601391 0.475769 -0.877512
0.62624 0.712449 -0.316606
0.52542 0.383599 -0.759464
0.181453 0.983382 -0.00584834
0.312053 0.893407 0.323183
0.0574983 0.606704 -0.792845
-0.119118 0.156738 -0.98043
-0.126977 0.30087 -0.945174
-0.620233 0.573679 0.53498
-0.61945 0.566901 0.543052
-0.791604 0.299644 0.532519
-0.808025 0.348141 0.475282
-0.835084 0.269419 0.479634
-0.893551 0.402695 0.198502
0.36661 0.435924 0.821929
0.474439 0.376576 0.795674
0.494087 0.432575 0.75416
0.232572 0.471024 0.850909
0.283232 0.412746 0.865691
0.347274 0.263105 0.900098
0.33471 0.190242 0.922918
0.259867 0.385716 0.885264
-0.0610744 0.107681 0.992308
-0.103192 0.0944263 0.990169
-0.146047 0.131473 0.980503
-0.140747 0.129174 0.981583
-0.135059 0.272544 0.952617
-0.0696506 0.24216 0.967733
-0.072045 0.380503 0.921969
-0.078774 0.385373 0.919392
-0.149088 0.15436 0.976701
-0.125213 0.136374 0.982712
0.0944726 0.431022 0.897382
0.242496 0.370422 0.896651
0.473325 0.740258 0.477474
0.462504 0.754632 0.465424
0.362186 0.798455 0.480926
0.386192 0.303029 0.871223
0.28626 0.471475 0.834126
0.261497 0.426133 0.866043
0.284728 0.344208 0.894679
0.0629497 0.409337 0.910209
0.369751 -0.115243 0.921956
0.177061 0.584747 0.791656
0.334123 0.896012 0.292445
-0.0746428 -0.0600282 0.995402
0.510865 0.785832 0.348547
0.592407 0.756004 0.27841
-0.429572 0.209661 -0.878357
-0.426336 0.22019 -0.877356
-0.231179 0.391152 -0.890818
0.726325 0.412944 -0.549481
0.747496 0.19697 -0.634392
0.468998 0.441419 -0.764978
0.642887 0.170755 -0.746685
0.0314207 0.224607 -0.973943
0.0241909 0.230143 -0.972856
-0.0302247 0.342109 -0.939174
0.203963 0.512713 -0.833981
-0.0173223 0.271239 -0.962356
-0.00734017 0.319689 -0.947494
-0.180965 0.161425 -0.970151
-0.188754 0.0699464 -0.97953
0.0249192 -0.164328 -0.986091
0.112796 0.505594 -0.855367
0.293801 0.162743 -0.941911
0.540669 0.332631 -0.772679
0.966834 0.209173 -0.146553
0.854138 0.515954 -0.065117
0.893933 0.446009 -0.0442732
0.746893 0.663646 0.0415307
0.83939 0.537318 0.0819403
0.865386 0.47659 0.154818
0.912431 0.383325 0.143286
0.903044 0.396202 0.165937
0.446651 0.547546 -0.707599
0.590329 0.457592 -0.664922
0.590328 0.457592 -0.664923
0.429335 0.634249 -0.642961
0.429336 0.63425 -0.64296
0.412847 0.405688 -0.81546
-0.66796 0.297855 -0.681991
-0.699313 0.250769 -0.669385
-0.118837 0.62372 -0.772562
0.393886 0.392637 -0.831077
0.329626 0.599992 -0.728942
-0.0527899 0.231253 -0.97146
0.13226 0.384443 -0.913625
-0.0972205 0.534325 -0.839669
-0.125507 0.493584 -0.860595
-0.106013 0.326554 -0.939214
-0.0964717 0.34584 -0.933321
0.12401 0.433562 -0.89255
0.184224 0.642598 -0.743726
0.89803 0.433198 -0.0766954
0.720565 0.634556 -0.279507
-0.56787 0.283307 0.772827
-0.821885 0.169534 0.543841
-0.809194 0.269976 0.521842
-0.745927 0.317331 0.585571
0.158711 0.582874 -0.796912
0.193509 0.57315 -0.796274
-0.0332486 0.81471 -0.578915
0.485523 0.81742 -0.309985
0.145335 0.351028 -0.925017
-0.0971747 0.50921 -0.855139
-0.0988753 0.518111 -0.849579
-0.0042722 0.400565 -0.916258
0.233734 0.442119 -0.865967
0.000326644 0.583023 -0.812455
0.275369 0.833915 -0.478286
0.374083 0.913912 -0.157566
0.619103 0.721794 -0.309395
0.920197 0.342851 -0.188919
-0.357645 0.244003 -0.901417
-0.316811 0.362428 -0.876514
-0.414276 0.422718 -0.80603
-0.372876 0.517477 -0.770182
-0.292626 0.399954 -0.868566
-0.267629 0.501914 -0.82247
-0.197859 0.453115 -0.869217
-0.355655 0.250912 -0.900307
0.490273 0.627788 -0.604578
0.415367 0.553764 -0.721675
0.0447251 0.943836 -0.327373
0.0136316 0.906159 -0.422718
0.186597 0.512878 -0.837936
-0.961202 0.186512 -0.203234
-0.960185 0.200129 -0.194919
-0.961729 0.265482 -0.0677939
-0.936884 0.345305 -0.0548824
-0.933555 0.35606 -0.0411848
-0.890832 0.4145 0.18603
-0.89383 0.402747 0.197137
-0.89383 0.402748 0.197137
-0.881108 0.421103 0.215224
0.755673 0.558536 0.342048
0.788384 0.519984 0.328736
0.761597 0.573653 0.301484
0.904839 0.303136 -0.298958
0.859247 0.493203 -0.135815
0.690921 0.713625 -0.115618
0.115971 0.949425 -0.291792
0.0539978 0.977448 -0.204156
0.0911677 0.993626 0.0663004
0.151085 0.98847 -0.0100123
-0.513634 0.821231 -0.248516
-0.624382 0.674428 -0.394073
-0.589792 0.802857 -0.0869818
-0.569949 0.816912 -0.0883873
0.363139 0.503579 -0.783925
0.207721 0.209119 -0.955574
0.213148 0.200146 -0.9563
0.218498 0.122485 -0.96812
0.0130975 -0.120871 -0.992582
0.823676 0.494335 -0.277833
0.825491 0.487067 -0.285185
0.870555 0.403814 -0.28119
0.857658 0.470362 -0.207804
0.852459 0.470703 -0.227492
0.638176 0.581633 -0.504416
0.728466 0.486508 -0.482336
0.872635 0.209916 0.440958
0.718964 0.444377 0.534434
0.666642 0.634306 0.391464
0.869318 0.476971 0.12956
0.858151 0.505454 0.0899624
0.845249 0.507838 0.166298
-0.156654 0.70529 0.691393
0.7022 0.439676 0.56
0.658682 0.630704 0.410306
0.608232 0.646718 0.460228
-0.694285 0.41588 -0.587377
-0.501108 0.0987015 -0.859737
-0.47331 0.171468 -0.864047
-0.259863 0.223229 -0.939489
-0.314924 0.137041 -0.939171
-0.502426 0.0588801 -0.862613
-0.709117 0.2693 -0.651637
0.615693 0.270656 0.740045
0.592358 0.456616 0.663788
0.545464 0.483463 0.684641
0.0685527 0.970862 0.229623
0.599972 0.756043 0.261597
0.577034 0.783402 0.230897
0.195074 0.698111 0.688903
0.357867 0.7907 0.496713
0.395055 0.709726 0.583285
0.560177 0.536799 0.630911
0.461297 0.554417 0.692695
0.500066 0.510042 0.699851
0.665084 0.428911 0.611309
0.236933 0.872568 0.427187
0.150904 0.893687 0.422553
0.766579 0.614886 -0.185128
0.755722 0.63672 -0.153204
0.913935 0.366101 -0.175193
0.78543 0.579519 -0.217385
0.919595 0.320833 -0.226742
0.928633 0.248509 -0.27547
-0.762729 0.611977 -0.209114
-0.850891 0.302509 -0.429503
-0.363105 0.625091 -0.690953
-0.495118 0.482949 -0.722231
-0.893923 0.144073 -0.424434
-0.942339 0.242771 -0.230344
-0.964714 0.075426 -0.252265
-0.807608 0.330938 -0.488107
-0.808792 0.333444 -0.484429
-0.880497 0.398041 -0.257466
-0.938017 0.315611 -0.143229
-0.938016 0.315612 -0.143229
-0.965373 0.192947 -0.175576
-0.961922 0.191628 0.194897
-0.985861 0.15889 0.0532134
-0.96209 0.266701 0.0570349
-0.954446 0.298317 -0.00629644
-0.510262 0.645046 -0.568814
-0.732862 0.31101 -0.605133
-0.747416 0.37812 -0.546255
-0.761536 0.343071 -0.549877
0.0768311 -0.0514924 -0.995714
0.00460911 0.0560075 -0.99842
-0.00779092 -0.0948281 -0.995463
-0.0843551 0.0174055 -0.996284
-0.13556 0.377799 -0.91591
-0.0640094 0.440954 -0.895244
0.0243588 0.106549 -0.994009
0.0505537 0.136557 -0.989341
-0.756753 0.0801893 -0.648763
-0.699735 0.02039 -0.714112
-0.706327 0.0472384 -0.706308
-0.384981 0.470952 -0.793722
0.359908 0.278198 -0.890546
0.634608 0.0380273 -0.771898
0.645002 0.163252 -0.746539
0.813502 -0.0953819 -0.573687
-0.678297 0.298599 -0.671381
-0.671537 0.280402 -0.685866
-0.694481 0.130858 -0.707511
-0.687026 0.113257 -0.717752
-0.506856 0.59713 -0.621717
-0.511721 0.555393 -0.6555
0.342527 0.936138 -0.0795058
0.4785 0.876644 -0.0503247
0.673991 0.695613 -0.248713
0.648 0.585359 -0.487289
0.595747 0.562298 -0.573504
0.825388 0.327948 -0.459548
0.827844 0.259641 -0.497253
0.75016 0.343741 -0.564891
-0.388446 0.507138 -0.769364
-0.382294 0.461482 -0.800553
-0.409409 0.313974 -0.856624
-0.436342 0.34143 -0.832485
-0.105504 0.971976 -0.210074
0.022409 0.982888 -0.182838
-0.393099 0.508067 -0.766382
-0.359723 0.474897 -0.803164
-0.388205 0.380011 -0.839576
-0.235729 0.268078 -0.934112
-0.849403 0.401246 -0.342806
-0.791162 0.484101 -0.373776
-0.837379 0.396891 -0.375865
-0.898761 0.306172 -0.313827
0.285845 0.483208 -0.827528
0.330823 0.2921 -0.897348
0.399208 0.392455 -0.828621
0.41297 0.351811 -0.84005
-0.889304 0.401355 -0.219211
-0.957828 0.287131 -0.0109642
-0.930559 0.365975 -0.0110461
-0.63371 0.514226 -0.577912
-0.637431 0.521946 -0.566792
-0.657169 0.347183 -0.669024
-0.751939 0.261056 -0.605341
-0.587472 0.526576 0.614488
-0.589495 0.549882 0.591714
-0.32149 0.696741 0.641246
-0.762424 0.44572 0.469088
-0.815206 0.348031 0.46294
-0.814907 0.350777 0.46139
-0.646829 0.570906 0.505647
-0.671376 0.557749 0.488028
TEXTURE-VERTEX = 608
0.179077 0.672363
0.216797 0.64502
0.132568 0.634766
0.646484 0.640137
0.706543 0.702637
0.743164 0.65625
0.698242 0.603027
0.672852 0.568848
0.672852 0.500977
0.62793 0.5
0.0830688 0.435791
0.0799561 0.469482
0.172363 0.473389
0.173584 0.455322
0.499756 0.376465
0.494385 0.316162
0.362061 0.365479
0.681641 0.44873
0.648438 0.421387
0.936523 0.433105
0.91748 0.388184
0.886719 0.398682
0.903809 0.455811
0.212036 0.283691
0.28418 0.236328
0.234497 0.143433
0.152588 0.193848
0.494385 0.316162
0.495117 0.282959
0.415283 0.247192
0.400635 0.318604
0.568359 0.0593872
0.509277 0.0443726
0.505859 0.113098
0.545898 0.11615
0.769043 0.314941
0.821289 0.291504
0.767578 0.295166
0.209595 0.504395
0.215576 0.485107
0.191772 0.477783
0.163696 0.513184
0.14563 0.500977
0.0877686 0.546387
0.138916 0.536621
0.163696 0.513184
0.0517883 0.51709
0.0158997 0.559082
0.0863647 0.508301
0.172363 0.473389
0.14563 0.500977
0.14563 0.500977
0.172363 0.473389
0.0799561 0.469482
0.0863647 0.508301
0.00329971 0.487793
0.0158997 0.559082
0.0517883 0.51709
0.0877686 0.546387
0.0158997 0.559082
0.029892 0.616211
0.0695801 0.623047
0.22583 0.522949
0.234375 0.486572
0.215576 0.485107
0.209595 0.504395
0.153198 0.598633
0.236694 0.56543
0.22583 0.522949
0.138916 0.536621
0.22583 0.522949
0.209595 0.504395
0.0877686 0.546387
0.236694 0.56543
0.153198 0.598633
0.272461 0.592285
0.236694 0.56543
0.272461 0.592285
0.27417 0.576172
0.143188 0.300049
0.0658569 0.284668
0.128784 0.340088
0.192871 0.458008
0.219849 0.462891
0.247803 0.4375
0.183228 0.423584
0.0779419 0.669922
0.0432739 0.681152
0.0803833 0.752441
0.100464 0.736816
0.258301 0.851074
0.253906 0.799805
0.206299 0.830566
0.179077 0.672363
0.147827 0.696777
0.183472 0.726074
0.205078 0.698242
0.179077 0.672363
0.132568 0.634766
0.115356 0.659668
0.147827 0.696777
0.0695801 0.623047
0.029892 0.616211
0.0432739 0.681152
0.0779419 0.669922
0.144653 0.805664
0.209473 0.794922
0.158081 0.783203
0.242432 0.66748
0.216797 0.64502
0.23999 0.75
0.253906 0.799805
0.267578 0.773438
0.23999 0.75
0.209595 0.754395
0.253906 0.799805
0.296143 0.775391
0.267578 0.773438
0.0830688 0.435791
0.107971 0.388184
0.0348816 0.352295
0.00849915 0.415771
0.00849915 0.415771
0.00329971 0.487793
0.173584 0.455322
0.856934 0.721191
0.830566 0.706055
0.808105 0.728027
0.836914 0.746582
0.694336 0.748047
0.743652 0.750488
0.753418 0.725586
0.706543 0.702637
0.974121 0.571289
0.897949 0.567871
0.895996 0.64209
0.960938 0.65625
0.777344 0.628418
0.743164 0.65625
0.797363 0.691895
0.822754 0.65918
0.753418 0.725586
0.797363 0.691895
0.902832 0.766113
0.949707 0.700195
0.899902 0.685547
0.856934 0.721191
0.902832 0.766113
0.949707 0.700195
0.899902 0.685547
0.845215 0.681641
0.830566 0.706055
0.793945 0.472412
0.753418 0.48584
0.769043 0.571289
0.819336 0.577148
0.719727 0.494629
0.672852 0.568848
0.733887 0.5625
0.499023 0.675781
0.49707 0.661621
0.474121 0.665527
0.499023 0.675781
0.474121 0.665527
0.46582 0.69873
0.494385 0.699707
0.53125 0.678223
0.499023 0.675781
0.494385 0.699707
0.534668 0.702637
0.305908 0.600586
0.290527 0.61084
0.456299 0.842773
0.491211 0.780273
0.431152 0.814941
0.332031 0.763672
0.339111 0.717773
0.277832 0.734863
0.696289 0.856934
0.686035 0.803711
0.652344 0.831543
0.675293 0.865723
0.606445 0.879395
0.555176 0.9375
0.627441 0.904297
0.675293 0.865723
0.652344 0.831543
0.606445 0.879395
0.627441 0.904297
0.585449 0.85791
0.590332 0.757324
0.540527 0.729004
0.530273 0.759766
0.565918 0.787598
0.486572 0.750977
0.489258 0.726074
0.452637 0.734863
0.412354 0.757324
0.354492 0.786621
0.414307 0.780762
0.540527 0.729004
0.489258 0.726074
0.486572 0.750977
0.530273 0.759766
0.629395 0.805664
0.565918 0.787598
0.541504 0.822266
0.585449 0.85791
0.530273 0.759766
0.518066 0.79248
0.541504 0.822266
0.565918 0.787598
0.696289 0.856934
0.773926 0.843262
0.759766 0.791504
0.686035 0.803711
0.536621 0.648438
0.494873 0.648438
0.534668 0.662109
0.333496 0.867676
0.392578 0.883789
0.402588 0.848633
0.366211 0.817871
0.292969 0.625488
0.272461 0.592285
0.298096 0.830078
0.326416 0.804688
0.296143 0.775391
0.253906 0.799805
0.541504 0.822266
0.50293 0.835938
0.538086 0.87207
0.381836 0.910645
0.392578 0.883789
0.381836 0.910645
0.426514 0.933105
0.429932 0.870605
0.480957 0.943848
0.555176 0.9375
0.538086 0.87207
0.483398 0.898926
0.402588 0.848633
0.480957 0.943848
0.483398 0.898926
0.429932 0.870605
0.426514 0.933105
0.456299 0.842773
0.392578 0.883789
0.429932 0.870605
0.518066 0.79248
0.491211 0.780273
0.585449 0.85791
0.538086 0.87207
0.541504 0.822266
0.53125 0.678223
0.553223 0.666992
0.438232 0.661133
0.430176 0.701172
0.46582 0.69873
0.474121 0.665527
0.491211 0.780273
0.518066 0.79248
0.646484 0.640137
0.553223 0.666992
0.53125 0.678223
0.534668 0.702637
0.5625 0.697754
0.354492 0.786621
0.332031 0.763672
0.366211 0.817871
0.326416 0.804688
0.298096 0.830078
0.333496 0.867676
0.354492 0.786621
0.438232 0.661133
0.386719 0.652832
0.391602 0.672852
0.430176 0.701172
0.405518 0.746094
0.412354 0.757324
0.452637 0.734863
0.258301 0.851074
0.258301 0.851074
0.173584 0.455322
0.183228 0.423584
0.143188 0.300049
0.212036 0.283691
0.152588 0.193848
0.0658569 0.284668
0.260986 0.405273
0.328125 0.331055
0.212036 0.283691
0.195801 0.364502
0.331787 0.5625
0.399414 0.467041
0.276367 0.487061
0.280762 0.534668
0.173584 0.455322
0.172363 0.473389
0.191772 0.477783
0.192871 0.458008
0.215576 0.485107
0.219849 0.462891
0.234375 0.486572
0.247803 0.4375
0.242432 0.66748
0.251465 0.710938
0.271973 0.694336
0.322021 0.670898
0.352295 0.633789
0.312012 0.656738
0.292969 0.625488
0.31543 0.62207
0.290527 0.61084
0.31543 0.62207
0.327148 0.60498
0.100464 0.736816
0.158081 0.783203
0.0803833 0.752441
0.144653 0.805664
0.277832 0.734863
0.251465 0.710938
0.356934 0.681152
0.386719 0.652832
0.352295 0.633789
0.322021 0.670898
0.356934 0.681152
0.339111 0.717773
0.205078 0.698242
0.183472 0.726074
0.205078 0.698242
0.23999 0.75
0.452637 0.734863
0.489258 0.726074
0.489258 0.726074
0.540527 0.729004
0.405518 0.746094
0.452637 0.734863
0.405518 0.746094
0.332031 0.763672
0.540527 0.729004
0.590332 0.757324
0.808105 0.728027
0.753418 0.725586
0.743652 0.750488
0.804199 0.771973
0.808105 0.728027
0.759766 0.791504
0.773926 0.843262
0.829102 0.821289
0.708008 0.465088
0.714844 0.404053
0.505859 0.113098
0.500977 0.218384
0.583008 0.180542
0.545898 0.11615
0.463623 0.111694
0.417969 0.172119
0.443848 0.0549927
0.463623 0.111694
0.505859 0.113098
0.509277 0.0443726
0.628906 0.102844
0.568359 0.0593872
0.545898 0.11615
0.583008 0.180542
0.463623 0.111694
0.443848 0.0549927
0.374756 0.0914917
0.417969 0.172119
0.6875 0.215698
0.642578 0.171265
0.634277 0.216187
0.587891 0.230469
0.602539 0.259033
0.634277 0.216187
0.495117 0.282959
0.494385 0.316162
0.529297 0.299316
0.628906 0.102844
0.583008 0.180542
0.642578 0.171265
0.667969 0.116577
0.713379 0.177246
0.6875 0.215698
0.760742 0.244263
0.78418 0.227051
0.767578 0.295166
0.769043 0.314941
0.672852 0.325439
0.714844 0.404053
0.796875 0.377197
0.925293 0.359375
0.931152 0.328369
0.910645 0.299805
0.881836 0.334717
0.991699 0.412109
0.982422 0.370117
0.963867 0.391846
0.964355 0.407471
0.850586 0.296875
0.821289 0.291504
0.852051 0.350586
0.881836 0.334717
0.840332 0.409668
0.793945 0.472412
0.903809 0.455811
0.886719 0.398682
0.967773 0.507324
0.980957 0.452637
0.680176 0.306885
0.629395 0.279785
0.620117 0.294189
0.590332 0.349121
0.648438 0.421387
0.620117 0.294189
0.590332 0.349121
0.680176 0.306885
0.494385 0.316162
0.590332 0.349121
0.570313 0.305908
0.529297 0.299316
0.570313 0.305908
0.594727 0.272949
0.559082 0.265137
0.529297 0.299316
0.559082 0.265137
0.500977 0.218384
0.234497 0.143433
0.28418 0.236328
0.3479 0.197021
0.315186 0.112671
0.570313 0.305908
0.594727 0.272949
0.620117 0.294189
0.629395 0.279785
0.602539 0.259033
0.6875 0.215698
0.634277 0.216187
0.587891 0.230469
0.634277 0.216187
0.570313 0.305908
0.651367 0.805664
0.694336 0.748047
0.64209 0.756348
0.706543 0.702637
0.633301 0.712891
0.897949 0.567871
0.974121 0.571289
0.967773 0.507324
0.903809 0.455811
0.936523 0.433105
0.980957 0.452637
0.991699 0.412109
0.964355 0.407471
0.959961 0.345947
0.925293 0.359375
0.982422 0.370117
0.91748 0.388184
0.963867 0.391846
0.91748 0.388184
0.963867 0.391846
0.931152 0.328369
0.850586 0.296875
0.871094 0.261963
0.831055 0.275635
0.821289 0.291504
0.821289 0.291504
0.831055 0.275635
0.871094 0.261963
0.822266 0.190918
0.78418 0.227051
0.78418 0.227051
0.713379 0.177246
0.6875 0.215698
0.293213 0.707031
0.500977 0.218384
0.417969 0.172119
0.328125 0.331055
0.400635 0.318604
0.328125 0.331055
0.417969 0.172119
0.374756 0.0914917
0.315186 0.112671
0.3479 0.197021
0.400635 0.318604
0.415283 0.247192
0.822266 0.190918
0.723633 0.150391
0.723633 0.150391
0.667969 0.116577
0.753418 0.48584
0.754883 0.431396
0.796875 0.377197
0.881836 0.334717
0.852051 0.350586
0.553223 0.666992
0.633301 0.677734
0.646484 0.640137
0.590332 0.349121
0.55127 0.41626
0.507324 0.483154
0.400635 0.318604
0.362061 0.365479
0.494385 0.316162
0.602539 0.571777
0.621094 0.60498
0.698242 0.603027
0.621094 0.60498
0.633301 0.677734
0.646484 0.640137
0.5625 0.697754
0.743164 0.65625
0.777344 0.628418
0.756836 0.609863
0.719727 0.494629
0.719727 0.494629
0.733887 0.5625
0.769043 0.571289
0.733887 0.5625
0.698242 0.603027
0.680176 0.306885
0.672852 0.325439
0.590332 0.349121
0.328125 0.331055
0.260986 0.405273
0.295166 0.425293
0.362061 0.365479
0.295166 0.425293
0.328125 0.331055
0.0348816 0.352295
0.107971 0.388184
0.128784 0.340088
0.0658569 0.284668
0.183228 0.423584
0.247803 0.4375
0.260986 0.405273
0.195801 0.364502
0.234375 0.486572
0.280762 0.534668
0.276367 0.487061
0.496582 0.601563
0.494873 0.648438
0.536621 0.648438
0.543945 0.607422
0.403076 0.588379
0.39209 0.629883
0.305908 0.600586
0.27417 0.576172
0.327148 0.60498
0.352295 0.633789
0.39209 0.629883
0.543945 0.607422
0.819336 0.577148
0.836914 0.625977
0.845215 0.681641
0.836914 0.625977
0.822754 0.65918
0.845215 0.681641
0.899902 0.685547
0.819336 0.577148
0.777344 0.628418
0.819336 0.577148
0.830566 0.706055
0.797363 0.691895
0.272461 0.592285
0.312012 0.656738
0.292969 0.625488
0.293213 0.707031
0.339111 0.717773
0.386719 0.652832
0.438232 0.661133
0.836914 0.746582
0.902832 0.766113
0.147827 0.696777
0.115356 0.659668
0.115356 0.659668
0.132568 0.634766
0.132568 0.634766
0.672852 0.500977
0.456299 0.842773
0.50293 0.835938
0.491211 0.780273
0.483398 0.898926
0.629395 0.805664
0.431152 0.814941
0.414307 0.780762
0.414307 0.780762
0.491211 0.780273
0.486572 0.750977
0.414307 0.780762
0.153198 0.598633
0.50293 0.835938
0.431152 0.814941
0.652344 0.831543
0.293213 0.707031
0.271973 0.694336
0.352295 0.633789
0.31543 0.62207
0.633301 0.712891
0.633301 0.712891
0.5625 0.697754
0.590332 0.757324
0.64209 0.756348
0.629395 0.805664
0.651367 0.805664
0.652344 0.831543
0.821289 0.291504
TEXTURE-FACE = 460
97 99 98
99 97 100
7 9 8
350 351 492
17 351 350
350 8 17
8 18 17
18 8 9
9 499 18
499 9 500
500 15 499
15 500 14
14 16 15
351 17 18
492 515 350
8 350 515
14 294 16
294 528 16
528 294 295
528 295 538
293 295 294
295 293 296
543 541 544
541 543 542
542 545 541
545 542 546
546 293 545
293 546 549
547 293 549
547 296 293
296 547 548
505 541 501
545 501 541
293 294 545
545 294 501
294 14 501
14 500 501
500 9 501
9 505 501
7 505 9
505 7 506
544 505 506
541 505 544
31 33 32
33 31 34
481 483 482
483 481 484
486 484 481
484 486 485
583 580 581
580 582 581
508 216 552
216 160 217
160 216 218
254 218 255
216 255 218
255 216 262
508 262 216
262 508 157
157 507 262
507 157 158
156 158 157
157 579 156
551 314 315
314 551 550
550 551 570
551 571 570
217 571 551
571 217 161
160 161 217
159 161 160
218 159 160
159 218 254
64 62 65
62 64 63
63 539 62
62 539 78
78 76 62
76 78 77
170 77 78
77 170 171
170 314 171
314 170 315
539 63 540
29 27 30
27 29 28
29 476 28
476 29 477
23 24 480
23 25 24
25 23 26
396 398 397
398 396 399
366 368 367
368 366 369
362 364 363
364 362 365
358 360 359
360 358 361
285 287 286
287 285 288
600 602 601
602 600 603
603 604 602
604 603 605
605 606 604
176 177 475
116 176 175
176 116 177
177 116 117
115 117 116
392 394 393
408 19 409
19 408 22
21 19 22
19 21 20
21 392 20
392 21 395
394 392 395
463 394 395
394 463 464
463 465 464
465 463 466
587 588 593
587 589 588
325 569 568
569 325 322
324 322 325
322 324 323
383 490 489
490 383 371
371 383 370
370 372 371
330 306 331
306 330 305
305 307 306
305 566 307
566 305 567
598 566 567
597 566 598
352 357 356
357 352 353
352 354 353
354 352 355
311 313 312
311 565 313
502 503 529
502 504 503
297 299 298
299 297 300
300 301 299
301 300 302
302 303 301
303 302 304
304 526 303
526 304 525
524 526 525
526 524 527
344 345 347
343 345 344
345 343 346
346 572 345
573 345 572
345 573 349
349 347 345
347 349 348
456 462 455
455 457 456
461 456 457
456 461 460
276 274 277
274 276 275
276 326 275
326 276 327
277 327 276
327 277 338
338 339 327
451 453 452
453 451 454
458 454 451
454 458 459
496 498 497
496 497 511
497 599 511
534 536 535
536 534 537
531 537 534
537 531 532
530 532 531
532 530 533
35 37 36
35 521 37
521 35 522
522 523 521
433 434 441
433 435 434
435 433 436
436 437 435
437 436 438
373 375 374
423 373 374
373 423 424
422 424 423
424 422 425
429 479 478
479 429 430
428 430 429
430 428 431
381 379 382
379 381 380
440 380 381
380 440 439
439 427 380
427 439 426
426 376 427
376 426 378
376 378 377
472 488 487
488 472 473
472 474 473
418 420 419
420 418 421
416 432 415
415 417 416
244 246 243
242 244 243
244 242 245
251 252 253
251 183 252
183 251 182
182 184 183
237 239 238
239 237 240
592 239 240
445 509 510
446 509 445
443 446 445
446 443 444
443 442 444
442 443 179
179 180 442
178 180 179
180 178 181
153 517 516
517 153 154
152 154 153
154 152 155
152 447 155
447 152 450
449 447 450
447 449 448
513 518 562
518 513 514
512 514 513
520 514 512
520 518 514
518 520 519
233 235 234
235 233 236
249 230 250
230 249 229
229 231 230
278 280 279
267 278 279
278 267 268
267 227 268
227 267 226
225 227 226
227 225 228
228 225 282
208 210 209
210 208 211
283 119 284
119 283 118
118 120 119
120 118 121
113 106 114
106 113 91
114 328 113
328 114 329
114 107 329
106 107 114
106 105 107
105 106 92
91 92 106
90 92 91
556 561 560
561 556 557
556 558 557
558 556 559
110 112 111
110 320 112
320 110 321
321 595 320
595 321 596
596 308 595
308 596 310
308 310 309
5 3 6
3 5 4
142 4 5
4 142 141
142 342 141
219 220 232
219 221 220
221 219 222
222 585 221
585 222 586
101 103 102
103 101 104
101 576 104
576 101 577
468 470 469
470 468 471
607 471 468
204 206 205
206 204 207
594 207 204
200 202 201
202 200 203
203 260 202
260 203 261
194 196 195
196 194 197
197 194 199
197 199 198
281 271 272
271 269 272
269 271 270
270 273 269
273 590 269
134 554 553
554 134 135
133 135 134
135 133 136
148 135 136
135 148 149
135 149 554
515 492 491
491 492 405
492 404 405
404 406 405
406 404 407
404 494 407
494 404 495
495 404 493
404 492 493
492 351 493
46 43 47
43 46 48
43 48 42
42 44 43
44 42 45
45 70 44
70 45 71
410 412 411
411 384 410
384 387 410
385 387 384
467 387 385
467 385 386
384 386 385
413 390 414
390 413 389
388 390 389
390 388 391
401 391 388
391 401 402
400 402 401
402 400 403
190 192 191
192 190 193
584 193 190
186 187 189
185 187 186
187 185 188
38 40 39
40 38 41
41 49 40
49 41 50
51 53 52
53 51 54
57 53 54
53 57 55
55 57 56
58 60 59
60 58 61
61 58 578
58 591 578
12 10 13
10 12 11
123 10 11
10 123 122
172 174 173
174 172 241
241 172 248
241 248 247
334 169 335
169 334 168
168 166 169
166 168 167
257 337 336
337 257 258
256 258 257
258 256 259
162 164 163
164 162 165
333 164 165
164 333 332
340 266 341
266 340 265
265 263 266
263 265 264
212 214 213
214 212 215
215 130 214
130 215 129
129 131 130
131 129 132
137 139 138
139 137 140
140 555 139
555 563 139
143 145 144
145 143 146
146 150 145
150 146 151
318 317 319
317 318 316
316 95 317
95 316 94
93 95 94
95 93 96
93 108 96
108 93 109
109 223 108
223 109 224
86 88 87
88 86 89
575 89 86
89 575 574
126 127 564
125 127 126
127 125 128
147 128 125
66 68 67
68 66 69
69 66 72
0 2 1
74 1 2
73 1 74
1 73 75
82 84 83
84 82 85
124 85 82
79 81 80
291 81 79
81 291 292
291 289 292
289 291 290
ATTRIBUTE_COUNT = 0
VERTEXWEIGHT = 0
BONEOBJECT_COUNT = 0
