EXPORTER_V15
MESH_EXPORT
MATERIALGROUP = 2
MATERIAL 0
DIFFUSE 0.588 0.588 0.588 1
AMBIENT 0.588 0.588 0.588 1
SPECULAR 0.9 0.9 0.9 1
EMISSIVE 0.588 0.588 0.588 0
POWER 0.0
TEXTURE_DIR_PATH texture/map
TEXTURE  
SPECULAR_TEXTURE  
BUMP_TEXTURE  
MATERIAL 1
DIFFUSE 0.588 0.588 0.588 1
AMBIENT 0.588 0.588 0.588 1
SPECULAR 0.9 0.9 0.9 1
EMISSIVE 0.588 0.588 0.588 0
POWER 0.0
TEXTURE_DIR_PATH texture/map
TEXTURE ../media/texture/map/Flower03_T.tga
SPECULAR_TEXTURE  
BUMP_TEXTURE  
GEOMOBJECT_COUNT = 1
MESH_NAME = FlowerHibi_Sm
MATERIAL_COUNT = 1
MATERIAL_ID = 1
VERTEX = 100
0.583619 11.4445 0.431816
0.151824 -1.82308 1.04244
0.151825 11.4445 1.47426
0.583618 -1.82309 0.0
-0.890618 11.4445 1.90605
-0.890618 -1.82309 1.47424
-1.93306 11.4445 1.47426
-1.93306 -1.82309 1.04244
-2.36485 11.4445 0.431816
-2.36486 -1.82308 -1.28882e-007
-2.36485 11.4445 0.431816
-2.36486 -1.82308 -1.28882e-007
-1.93306 11.4445 -0.610627
-1.93306 -1.82309 -1.04244
-0.890618 -1.82309 -1.47424
-0.890618 11.4445 -1.04242
0.151824 -1.82308 -1.04244
0.151825 11.4445 -0.610627
0.583618 -1.82309 0.0
0.583619 11.4445 0.431816
1.47424 43.1911 0.0
2.36551 24.2287 0.0177313
1.04244 43.1911 1.04244
2.79075 24.1537 -1.02471
1.33891 24.4097 0.449525
0.0 43.1911 1.47424
0.312301 24.5908 0.0177311
-1.04244 43.1911 1.04244
-1.47424 43.1911 -1.28882e-007
-0.112933 24.6657 -1.02471
-0.112933 24.6657 -1.02471
-1.04244 43.1911 -1.04244
-1.47424 43.1911 -1.28882e-007
0.312301 24.5908 -2.06715
0.0 43.1911 -1.47424
1.33891 24.4097 -2.49895
1.04244 43.1911 -1.04244
2.36551 24.2287 -2.06715
2.79075 24.1537 -1.02471
1.47424 43.1911 0.0
-13.7635 49.3379 1.03708
5.68194 49.3379 -12.5787
10.3089 40.8793 -5.97067
-9.13647 40.8793 7.64513
-19.2985 53.7548 -6.86775
0.146931 53.7548 -20.4835
-5.55066 54.4412 -28.6206
-24.9961 54.4412 -15.0048
11.8692 49.3379 7.04486
-11.8692 49.3379 7.04486
-11.8692 40.8793 -1.02207
11.8692 40.8793 -1.02207
11.8692 53.7548 16.6949
-11.8692 53.7548 16.6949
-11.8692 54.4412 26.6283
11.8692 54.4411 26.6283
-9.87679 49.3379 -9.64145
4.05922 40.8793 11.2003
-3.73283 49.3379 13.2881
-2.08474 40.8793 -11.7293
-19.198 53.7548 -7.14384
-13.054 53.7548 15.7857
-28.793 54.4412 -4.57287
-22.649 54.4412 18.3567
9.8768 49.3379 -9.64144
3.73283 49.3379 13.2881
-4.05923 40.8793 11.2003
2.08474 40.8793 -11.7293
13.054 53.7548 15.7857
19.198 53.7548 -7.14384
28.793 54.4412 -4.57286
22.649 54.4412 18.3567
9.13646 40.8793 7.64514
-5.68192 49.3379 -12.5787
13.7635 49.3379 1.0371
-10.3089 40.8793 -5.97068
-0.146899 53.7548 -20.4835
19.2985 53.7548 -6.86773
24.9961 54.4412 -15.0047
5.5507 54.4412 -28.6206
-0.183961 59.6174 -3.93433
-0.183961 59.6174 4.43627
-0.18396 51.2468 4.43627
-0.18396 51.2468 -3.93433
4.00134 55.4321 4.43627
-4.36926 55.4321 4.43627
4.00134 55.4321 -3.93433
-4.36926 55.4321 -3.93433
4.00134 59.6174 0.250969
-4.36926 59.6174 0.250968
-4.36926 51.2468 0.250968
4.00134 51.2468 0.250969
-0.183962 41.6975 1.75097
-0.183963 55.8969 1.75097
-0.183963 55.8969 -1.24903
-0.183962 41.6975 -1.24903
-1.66117 55.8969 -0.00950764
1.29325 41.6975 0.511438
-1.66117 41.6975 -0.00950666
1.29325 55.8969 0.511437
INDEX = 88
80 82 81
80 83 82
36 39 38
30 32 31
31 33 30
33 31 34
34 35 33
35 34 36
36 37 35
38 37 36
17 37 38
38 19 17
17 19 18
18 16 17
15 17 16
16 14 15
12 15 14
14 13 12
11 12 13
10 12 11
12 10 30
30 33 12
15 12 33
33 35 15
17 15 35
35 37 17
97 99 96
96 98 97
92 94 93
94 92 95
88 90 89
88 91 90
0 23 21
21 23 20
20 22 21
1 3 0
0 2 1
21 2 0
2 21 24
24 21 22
22 25 24
26 24 25
25 27 26
26 27 28
28 29 26
26 29 8
8 6 26
6 8 7
6 7 5
4 6 5
4 5 1
2 4 1
24 4 2
4 24 26
26 6 4
7 8 9
73 75 72
72 74 73
76 73 74
74 77 76
76 77 78
78 79 76
84 86 85
85 86 87
57 59 56
56 58 57
58 56 60
60 61 58
61 60 62
62 63 61
54 55 52
52 53 54
52 49 53
52 48 49
48 50 49
48 51 50
68 71 70
68 70 69
68 69 64
64 65 68
64 66 65
66 64 67
46 47 44
44 45 46
44 41 45
41 44 40
40 42 41
42 40 43
FACE-NORMAL = 88
-1.0 0.0 0.0
-1.0 0.0 0.0
0.9206 0.0841886 -0.381325
-0.922873 -0.046671 -0.382267
-0.926084 -0.0468246 -0.374401
-0.382582 0.0230189 -0.923635
-0.384159 0.0229716 -0.922981
0.381534 0.0774547 -0.921104
0.398081 0.0771726 -0.914099
0.924721 0.0845766 -0.37113
0.902151 -0.199779 -0.382376
0.905182 -0.200166 -0.374939
0.923808 0.0124541 -0.382654
0.923808 0.0124541 -0.382654
0.38251 0.0300556 -0.923462
0.38251 0.0300556 -0.923462
-0.382511 0.0300557 -0.923462
-0.382511 0.0300557 -0.923462
-0.923808 0.0124542 -0.382654
-0.923808 0.0124542 -0.382653
-0.917809 0.114445 -0.380169
-0.916961 0.114263 -0.382266
-0.382422 -0.0369733 -0.923248
-0.392799 -0.0356874 -0.918932
0.377296 -0.167209 -0.910873
0.357191 -0.16656 -0.919061
-0.173648 0.0 0.984808
-0.173648 0.0 0.984808
1.0 0.0 0.0
1.0 0.0 0.0
0.0 0.0 -1.0
0.0 0.0 -1.0
0.916809 -0.115404 0.382287
0.926134 0.0438808 0.374633
0.922995 0.0437404 0.382317
0.923808 -0.0124542 0.382654
0.923808 -0.0124542 0.382654
0.917686 -0.115597 0.380118
0.392928 0.0366462 0.918839
0.384142 -0.0230745 0.922986
0.382581 -0.0231196 0.923633
-0.398209 -0.0782532 0.913951
-0.381502 -0.0785268 0.921027
-0.920293 -0.0880296 0.381198
-0.924506 -0.0884442 0.370764
-0.902971 0.19593 0.382433
-0.905904 0.196301 0.375237
-0.923808 -0.0124541 0.382653
-0.382511 -0.0300556 0.923462
-0.382511 -0.0300556 0.923462
0.382511 -0.0300557 0.923462
0.382511 -0.0300557 0.923462
0.382408 0.0379552 0.923214
-0.357581 0.164758 0.919234
-0.377412 0.165412 0.911153
-0.923808 -0.012454 0.382654
-0.415077 0.690152 0.592791
-0.415077 0.690152 0.592791
-0.238713 0.909281 0.340917
-0.238713 0.909281 0.340918
-0.0395374 0.997621 0.0564653
-0.0395374 0.997621 0.0564652
0.0 1.0 0.0
0.0 1.0 0.0
0.699006 0.690152 -0.187298
0.699006 0.690152 -0.187298
0.402002 0.909281 -0.107716
0.402002 0.909281 -0.107716
0.0665822 0.997621 -0.0178405
0.0665825 0.997621 -0.0178407
3.30847e-007 0.997621 -0.068931
0.0 0.997621 -0.0689317
0.0 0.909281 -0.416183
0.0 0.909281 -0.416183
0.0 0.690152 -0.723664
2.45366e-007 0.690152 -0.723665
-0.066583 0.997621 -0.0178409
-0.0665826 0.997621 -0.0178406
-0.402002 0.909281 -0.107716
-0.402002 0.909281 -0.107716
-0.699006 0.690152 -0.187298
-0.699006 0.690152 -0.187298
0.0395376 0.997621 0.0564656
0.0395376 0.997621 0.0564656
0.238713 0.909281 0.340918
0.238713 0.909281 0.340918
0.415077 0.690152 0.592792
0.415077 0.690152 0.592792
TEXTURE-VERTEX = 100
0.879395 0.747559
0.885742 0.988281
0.89502 0.748535
0.870605 0.987793
0.932617 0.749512
0.92334 0.989746
0.970215 0.750977
0.960938 0.991211
0.98584 0.751465
0.976563 0.991699
0.986328 0.751953
0.976563 0.991699
0.970703 0.751465
0.960938 0.991211
0.92334 0.989746
0.933105 0.75
0.885742 0.988281
0.895508 0.748535
0.870117 0.987793
0.879883 0.747559
0.869629 0.172729
0.824219 0.51416
0.885254 0.17334
0.809082 0.515137
0.861328 0.512207
0.922852 0.174683
0.898438 0.510254
0.960449 0.176025
0.976074 0.176636
0.914063 0.509766
0.914551 0.509766
0.961914 0.176147
0.977539 0.176758
0.899414 0.510254
0.924316 0.174805
0.862305 0.512207
0.886719 0.17334
0.825195 0.51416
0.80957 0.515137
0.871094 0.172729
0.579102 0.702148
0.0129776 0.702148
0.0129776 0.986816
0.579102 0.986816
0.579102 0.415283
0.0129776 0.415283
0.0129776 0.133667
0.579102 0.133667
0.579102 0.702148
0.0129776 0.702148
0.0129776 0.986816
0.579102 0.986816
0.579102 0.415283
0.0129776 0.415283
0.0129776 0.133667
0.579102 0.133667
0.0129776 0.702148
0.579102 0.986816
0.579102 0.702148
0.0129776 0.986816
0.0129776 0.415283
0.579102 0.415283
0.0129776 0.133667
0.579102 0.133667
0.579102 0.702148
0.0129776 0.702148
0.0129776 0.986816
0.579102 0.986816
0.0129776 0.415283
0.579102 0.415283
0.579102 0.133667
0.0129776 0.133667
0.0129776 0.986816
0.579102 0.702148
0.0129776 0.702148
0.579102 0.986816
0.579102 0.415283
0.0129776 0.415283
0.0129776 0.133667
0.579102 0.133667
0.816895 0.42749
0.816895 0.2146
0.604492 0.2146
0.604492 0.42749
0.816895 0.2146
0.604492 0.2146
0.816895 0.42749
0.604492 0.42749
0.816895 0.42749
0.816895 0.2146
0.604492 0.2146
0.604492 0.42749
0.750977 0.744141
0.750977 0.437256
0.662598 0.437256
0.662598 0.744141
0.750977 0.437256
0.662598 0.744141
0.750977 0.744141
0.662598 0.437256
TEXTURE-FACE = 88
80 82 81
80 83 82
36 39 38
30 32 31
31 33 30
33 31 34
34 35 33
35 34 36
36 37 35
38 37 36
17 37 38
38 19 17
17 19 18
18 16 17
15 17 16
16 14 15
12 15 14
14 13 12
11 12 13
10 12 11
12 10 30
30 33 12
15 12 33
33 35 15
17 15 35
35 37 17
97 99 96
96 98 97
92 94 93
94 92 95
88 90 89
88 91 90
0 23 21
21 23 20
20 22 21
1 3 0
0 2 1
21 2 0
2 21 24
24 21 22
22 25 24
26 24 25
25 27 26
26 27 28
28 29 26
26 29 8
8 6 26
6 8 7
6 7 5
4 6 5
4 5 1
2 4 1
24 4 2
4 24 26
26 6 4
7 8 9
73 75 72
72 74 73
76 73 74
74 77 76
76 77 78
78 79 76
84 86 85
85 86 87
57 59 56
56 58 57
58 56 60
60 61 58
61 60 62
62 63 61
54 55 52
52 53 54
52 49 53
52 48 49
48 50 49
48 51 50
68 71 70
68 70 69
68 69 64
64 65 68
64 66 65
66 64 67
46 47 44
44 45 46
44 41 45
41 44 40
40 42 41
42 40 43
ATTRIBUTE_COUNT = 0
VERTEXWEIGHT = 0
BONEOBJECT_COUNT = 0
