EXPORTER_V15
MESH_EXPORT
MATERIALGROUP = 2
MATERIAL 0
DIFFUSE 0.588 0.588 0.588 1
AMBIENT 0.588 0.588 0.588 1
SPECULAR 0.9 0.9 0.9 1
EMISSIVE 0.588 0.588 0.588 0
POWER 0.0
TEXTURE_DIR_PATH texture/map
TEXTURE  
SPECULAR_TEXTURE  
BUMP_TEXTURE  
MATERIAL 1
DIFFUSE 0.588 0.588 0.588 1
AMBIENT 0.588 0.588 0.588 1
SPECULAR 0.9 0.9 0.9 1
EMISSIVE 0.588 0.588 0.588 0
POWER 0.0
TEXTURE_DIR_PATH texture/map
TEXTURE ../media/texture/map/Grass02_T.tga
SPECULAR_TEXTURE  
BUMP_TEXTURE  
GEOMOBJECT_COUNT = 1
MESH_NAME = Grass02_Sm
MATERIAL_COUNT = 1
MATERIAL_ID = 1
VERTEX = 630
39.0094 43.7161 -4.9901
25.7939 33.3323 0.2899
24.7231 29.3366 -11.2973
38.1564 39.951 -16.691
8.1486 -1.5747 4.2714
7.4509 -1.5747 -5.4532
14.0696 14.4576 -7.2525
14.9861 17.8426 3.5482
44.6669 52.133 -30.9743
51.5763 48.3776 -20.9697
31.486 43.7161 -26.7214
35.425 25.9328 -0.9157
24.0972 17.6712 0.3687
25.2949 15.5034 -8.0415
36.6021 23.4618 -9.5014
10.1673 -1.5747 0.5159
11.2755 -1.5747 -6.6218
16.3713 5.2557 -7.1669
15.1538 6.9359 0.7465
46.6801 33.1827 -19.2517
48.4534 30.6551 -10.3423
34.8348 25.9328 -18.3347
18.3648 33.3323 -21.2473
1.978 -1.5747 -13.7468
8.1111 17.8426 -16.4943
52.1238 52.133 -9.3662
23.451 17.6712 -16.5803
9.5887 -1.5747 -13.9469
14.5205 6.934 -15.1331
47.1727 33.1827 -1.7588
33.6621 48.0733 -33.0186
27.0711 35.8349 -20.1759
18.4179 31.5426 -27.9932
24.9717 44.0158 -41.41
14.8087 -1.5747 -3.8054
7.882 -1.5747 -10.2654
12.3687 14.364 -16.9108
20.2567 18.0256 -9.8096
19.7266 57.8682 -56.0142
31.7368 54.2837 -53.6018
13.1044 47.5851 -44.182
7.0044 35.3229 -31.0462
-1.3673 -1.5747 -12.6911
1.9887 17.5655 -19.717
40.2064 58.3599 -44.8566
26.1365 37.7162 6.3475
17.9285 31.6905 7.046
19.1074 29.5087 0.4034
27.3575 35.5861 -0.389
7.2372 11.9867 6.5811
8.3701 10.3954 0.6947
12.2472 19.7205 0.7291
11.0935 21.7602 7.0185
34.1477 41.9063 -7.5145
35.5906 40.4578 -0.7729
25.9296 37.0921 -7.212
17.6964 31.0472 -6.3776
7.0539 11.5094 -5.3698
10.8802 21.1527 -5.7397
34.2941 42.5111 5.9169
25.6018 40.7161 -13.6602
19.4041 39.1252 -6.5253
14.9713 36.4105 -11.5931
21.1542 38.0404 -18.6427
7.4508 24.6812 5.381
3.3389 21.9719 0.4831
8.453 30.4251 -4.6169
12.7967 33.2315 0.4221
22.0284 40.6904 -29.3445
27.4193 38.7396 -25.0305
15.7546 40.002 -22.9225
9.5694 38.4027 -15.8714
-1.8111 23.9457 -3.5926
3.1275 32.4783 -8.8678
31.901 41.4015 -20.0649
18.5441 44.259 -29.088
15.2265 39.5092 -20.2566
9.273 36.9073 -23.4186
12.575 41.6324 -32.2463
8.1989 16.8686 -4.4713
2.473 14.2808 -7.5361
5.5693 28.1693 -14.5412
11.4682 30.8364 -11.4046
9.5009 44.2335 -42.5423
16.1558 42.3129 -40.5274
5.9216 43.5526 -34.2553
2.6284 38.8127 -25.425
-3.9397 16.1653 -9.5668
-1.0121 30.1239 -16.5642
22.1371 44.9401 -37.3804
18.8355 54.1235 9.1562
9.1774 46.1615 10.5106
11.8326 42.8916 -1.7585
21.5317 50.8512 -3.0944
-1.3565 -1.5747 8.5313
0.8751 -1.5747 -1.5122
4.0154 23.0707 -0.9514
1.5354 26.4711 10.5079
28.3677 57.6005 -16.5507
33.6507 54.7299 -5.3724
16.3235 53.7121 -14.4401
6.7093 45.7511 -13.1785
-3.3629 -1.5747 -10.9711
-0.7645 26.0394 -11.7135
30.9335 58.0137 6.61
30.3192 28.1064 5.8015
18.5212 21.3194 6.8547
19.5432 18.9063 -1.9668
31.319 25.5263 -3.098
2.4309 -1.5747 5.0469
3.5015 -1.5747 -2.5514
9.53 8.9079 -1.9183
8.4396 10.7392 6.3594
41.8741 34.0462 -12.4537
43.3167 30.9783 -3.8873
29.8 28.5746 -11.8686
17.8945 21.7635 -10.6826
1.8346 -1.5747 -10.1644
7.7978 11.0788 -10.1507
42.2305 33.5794 4.8405
35.6242 19.7822 -22.3107
25.5932 18.764 -15.6241
21.1131 14.792 -21.9015
30.8538 15.7126 -28.4618
8.7044 -1.5747 -2.524
5.1608 -1.5747 -8.2895
11.4206 6.3613 -13.7802
15.3986 9.4894 -7.6079
33.1116 16.8058 -40.9506
38.0268 14.8032 -33.4966
25.7952 17.7663 -35.8196
15.9654 16.794 -29.0704
0.4888 -1.5747 -14.4141
6.4629 7.9594 -20.3891
43.0824 18.7764 -27.4762
11.0535 20.4451 -36.312
9.5628 15.0772 -23.094
-0.119 13.2664 -26.908
1.0079 18.3761 -40.0802
5.4169 -1.5747 -6.8907
-3.2182 -1.5747 -10.5226
-1.5295 6.8437 -16.9392
7.6847 8.3656 -13.1647
-8.3047 25.3006 -52.8868
2.8759 23.1032 -53.8076
-9.867 20.4451 -39.0734
-10.6244 15.0772 -25.7334
-12.682 -1.5747 -9.3387
-11.5607 8.3647 -15.6957
13.2435 25.3006 -50.0348
-11.3365 43.7161 -36.0726
-4.8387 33.3323 -23.3126
-16.0807 29.3366 -20.7973
-23.0607 39.951 -33.7037
0.9847 -1.5747 -5.0608
-8.3105 -1.5747 -3.2462
-10.8716 14.4576 -10.1753
-0.5493 17.8426 -12.3988
-38.1154 52.133 -38.4165
-29.0587 48.3776 -46.5125
-32.2248 43.7161 -25.8844
-14.7438 25.9328 -34.0478
-7.9333 17.6712 -24.4647
-15.6241 15.5034 -21.1839
-22.7715 23.4618 -30.4956
-0.2633 -1.5747 -11.5922
-6.7534 -1.5747 -8.9662
-10.1091 5.2543 -13.5411
-2.9023 6.935 -16.4656
-36.624 33.1827 -34.2512
-29.6112 30.6551 -40.5495
-29.5878 25.9328 -24.4059
-25.1552 33.3323 -13.3916
-15.7686 -1.5747 3.0049
-19.2117 17.8426 -3.3123
-17.1146 52.133 -48.6669
-22.039 17.6712 -15.2927
-12.1569 -1.5747 -3.9021
-15.9658 6.9332 -7.9815
-21.2457 33.1827 -44.2328
-39.5304 33.3312 -28.2799
-25.9507 30.9001 -23.1719
-32.6249 26.6078 -13.5298
-46.7659 29.2737 -18.6351
-8.2442 -1.5747 -11.5874
-13.6669 -1.5747 -3.8369
-20.838 14.364 -8.2154
-14.8056 18.0256 -17.0435
-60.6431 31.7112 -11.6676
-59.689 28.1267 -23.8937
-48.0914 32.8429 -6.5713
-34.2711 30.3881 -1.9612
-14.9451 -1.5747 5.5
-22.3692 17.5655 2.2749
-52.0253 32.2029 -33.2964
2.3487 46.9053 -28.8376
6.2125 38.9477 -17.9545
-2.6049 35.7084 -17.0728
-6.6883 43.7201 -27.9484
10.4614 12.3295 -2.5903
2.5779 9.9887 -1.9925
0.7229 22.5 -7.6475
9.0913 25.5237 -8.4082
-18.5181 52.0095 -34.5298
-10.069 50.1684 -38.8959
-15.0713 45.6087 -23.6707
-10.8196 37.6472 -12.9122
-4.7192 11.3639 1.7253
-7.0746 24.3069 -3.7047
-0.8971 53.299 -39.7308
-19.3012 40.7161 -22.6032
-11.5866 39.1253 -17.2438
-15.9896 36.4105 -12.2085
-23.6957 38.0404 -17.5403
1.4589 24.6812 -6.2013
-2.7197 21.9719 -1.45
-8.3806 30.4251 -6.3355
-4.0615 33.2315 -11.3009
-34.4273 40.6904 -17.1496
-30.8201 38.7396 -22.9813
-27.2752 40.002 -11.7026
-19.5386 38.4026 -6.386
-6.0064 23.9457 4.0425
-11.8513 32.4783 -0.6345
-26.4502 41.4015 -28.0732
-32.6476 53.1413 -13.031
-22.5297 46.0865 -9.7914
-25.2379 43.1118 -2.6903
-35.3579 50.1671 -5.9216
-5.0817 9.941 -4.8073
-7.6059 7.2094 2.0862
-15.8066 28.2071 -0.7761
-13.1604 31.1967 -7.83
-50.0229 58.6377 -2.2858
-48.6774 56.4632 -9.9663
-36.697 52.3417 1.7531
-26.5754 45.2868 4.9731
-8.9396 9.2082 9.4449
-17.1561 30.3973 6.8053
-45.9735 59.4372 -17.0866
-3.1618 48.9024 -22.6854
2.9128 41.9133 -15.089
-8.6087 38.6433 -10.9114
-14.7509 45.6319 -18.5628
8.2668 -1.5747 -1.9881
-1.2073 -1.5747 1.4483
-2.5102 23.0707 -2.3638
8.2652 26.4711 -6.3683
-29.6843 52.376 -17.2883
-22.9927 49.5083 -27.6958
-21.5103 48.4914 -8.1886
-15.3759 41.5028 -0.6194
-6.784 -1.5747 9.8591
-8.8804 26.0394 7.1946
-11.3779 52.7886 -31.722
3.3012 28.1064 -35.9683
5.0564 21.3194 -24.0378
-3.6921 18.9062 -23.9916
-5.7687 25.5263 -35.8014
4.9817 -1.5747 -7.1346
-2.5574 -1.5747 -7.3984
-2.6415 8.9078 -13.7545
5.5296 10.7391 -13.5999
-16.2164 34.0462 -45.3157
-7.359 30.9783 -47.8867
-14.4126 28.5746 -33.2525
-11.9904 21.7635 -21.4063
-9.6925 -1.5747 -5.0336
-10.351 11.0788 -11.1952
1.9414 33.5794 -48.0728
-26.4341 19.7822 -31.0025
-20.3937 18.764 -20.5236
-26.9544 14.792 -16.324
-32.8733 15.7126 -26.4937
-8.531 -1.5747 -1.8582
-14.4266 -1.5747 1.3599
-19.4859 6.3606 -5.7283
-13.1234 9.4891 -9.3768
-46.9527 16.8058 -33.316
-39.2689 14.8032 -37.5617
-40.5212 17.7663 -22.0691
-34.4668 16.794 -11.7851
-20.8619 -1.5747 5.4771
-26.4292 7.9591 -1.3391
-33.0437 18.7764 -42.341
-38.7989 20.4451 -7.5393
-25.4944 15.0772 -7.3472
-28.1224 13.2664 2.8161
-41.3271 18.3761 2.9953
-9.0591 -1.5747 -4.215
-11.5583 -1.5747 4.8814
-18.0865 6.8439 3.4307
-15.4595 8.3653 -6.2581
-52.8584 25.3006 13.43
-55.1455 23.1032 2.578
-38.9809 20.4451 13.5384
-25.6769 15.0772 12.9947
-9.2025 -1.5747 14.0806
-15.6299 8.3655 13.1506
-52.6721 25.3006 -8.2963
-37.1023 43.7161 19.1201
-25.2089 33.3323 11.2487
-21.3382 29.3366 22.2064
-33.3132 39.951 30.5764
-7.7737 -1.5747 4.1994
-4.7383 -1.5747 13.4013
-11.3706 14.4576 16.1961
-14.8645 17.8426 6.0775
-36.1477 52.133 46.2613
-45.3067 48.3776 38.1252
-24.4293 43.7161 38.7226
-34.1966 25.9328 14.5276
-23.0518 17.6712 11.0911
-22.1728 15.5034 19.495
-33.1499 23.4618 23.3551
-8.5511 -1.5747 8.4232
-7.9155 -1.5747 15.4884
-13.2666 5.2553 16.8391
-13.9531 6.9353 9.0263
-40.7739 33.1827 35.3629
-44.753 30.6552 26.7738
-29.3064 25.9328 31.6518
-12.8839 33.3323 30.2515
2.4602 -1.5747 20.1711
-3.4941 17.8426 23.7266
-48.8999 52.133 26.4015
-18.4054 17.6712 27.302
-4.624 -1.5747 22.1184
-9.6471 6.9342 24.0448
-45.8261 33.1827 17.5923
-25.0264 48.0733 45.3962
-21.6379 35.8349 31.3035
-11.2666 31.5426 36.7715
-14.624 44.0158 51.1414
-12.359 -1.5747 13.3828
-3.9542 -1.5747 18.1554
-7.4224 14.364 25.1102
-16.9463 18.0256 19.9646
-6.1735 57.8682 63.2311
-18.2489 54.2837 64.7003
-2.5295 47.5851 50.3671
0.4734 35.3229 36.867
5.562 -1.5747 18.4967
3.2698 17.5655 25.5016
-28.4563 58.3599 58.6409
-26.4861 40.6798 4.294
-15.9514 32.7736 1.2597
-15.3772 29.9107 9.9189
-25.9317 37.8876 13.143
-1.268 7.3606 -0.8282
-0.8406 5.2798 6.9404
-6.272 17.1908 7.7497
-6.7972 19.8102 -0.4955
-32.5638 46.2229 24.0668
-36.5342 44.2929 15.8267
-22.0501 39.8623 21.2967
-11.5977 31.9292 17.8958
2.6147 6.74 14.1237
-2.6522 19.0261 15.3762
-37.0305 47.0286 6.8654
-21.8847 40.7161 24.5421
-17.5034 39.1253 16.2587
-11.953 36.4105 20.1337
-16.3245 38.0404 28.3275
-8.2273 24.6812 2.4259
-3.0041 21.9719 6.2319
-7.0673 30.4251 12.1188
-12.5367 33.2315 8.2336
-14.635 40.6904 38.8483
-20.8503 38.7396 36.0767
-10.0746 40.002 31.1853
-5.6975 38.4027 23.065
2.8853 23.9457 8.9508
-0.9347 32.4783 15.0131
-26.4345 41.4015 32.3383
-11.3805 47.1474 37.7033
-10.2608 45.5726 28.4682
-3.6681 42.9337 30.202
-4.802 44.5097 39.2557
-6.8839 31.4797 11.9047
-0.5006 28.6716 13.6521
-2.0815 37.2089 20.9468
-8.6359 39.9038 19.1564
0.5785 47.1218 47.8716
-6.3241 45.1934 47.8724
2.1305 46.4384 39.4851
3.2774 44.8633 30.6279
6.1688 30.7243 14.1517
4.8003 39.1856 21.4612
-12.8775 47.8307 46.519
-21.8496 53.1506 6.7018
-15.0433 46.1615 -0.1659
-11.0847 42.8916 9.2351
-17.945 49.8801 16.0849
-5.0365 -1.5747 -5.1266
-1.7544 -1.5747 2.7496
-5.0572 23.0707 4.0436
-8.8511 26.4711 -4.8541
-16.5827 56.6242 28.9877
-26.1555 53.7565 25.2236
-8.3747 52.7396 20.0908
-1.5789 45.7511 13.3366
6.0518 -1.5747 6.1006
3.7862 26.0394 7.877
-29.9775 57.0368 15.8006
-34.8734 28.1064 3.1144
-23.1328 21.3194 0.0601
-21.9823 18.9063 8.7761
-33.5681 25.5263 12.134
-6.1705 -1.5747 -1.3352
-5.3568 -1.5747 6.2657
-11.8056 8.9076 6.7577
-12.7266 10.739 -1.4139
-41.8667 34.0462 23.5789
-45.4608 30.9783 15.112
-30.0395 28.5746 20.3813
-18.4632 21.7635 16.6653
-2.0648 -1.5747 13.1485
-8.3243 11.0788 14.1421
-46.8199 33.5794 5.8679
-24.5508 19.7822 33.1417
-14.898 18.764 25.8073
-9.9417 14.792 31.9242
-19.2838 15.7126 39.1818
2.1858 -1.5747 12.7148
6.1636 -1.5747 18.4198
-0.3014 6.3617 23.6839
-4.7173 9.4894 17.6311
-24.3134 16.8058 54.2564
-29.5006 14.8032 47.1435
-13.961 17.7663 46.0957
-4.5306 16.794 38.6157
11.0502 -1.5747 24.1448
4.9211 7.9599 29.8618
-35.0118 18.7764 41.2625
-1.01 20.4451 42.8971
-2.2811 15.0772 29.9899
8.1866 13.2664 31.0672
9.6894 18.3761 43.1545
-0.8687 -1.5747 13.3841
8.5799 -1.5747 15.037
7.7598 6.8438 21.5398
-2.2741 8.365 19.9853
20.6499 25.3006 51.3177
10.5145 23.1032 56.1223
19.6994 20.4451 39.0142
17.951 15.0772 27.4544
17.387 -1.5747 11.8208
17.118 8.3655 18.179
-0.2818 25.3006 56.4119
22.4967 44.308 35.9708
13.2165 33.5224 26.2518
23.9496 29.372 20.7358
33.447 40.3972 30.1235
3.6611 -1.5747 10.0348
12.6575 -1.5747 5.9339
16.5517 13.9172 12.0378
6.594 17.4332 16.7955
48.7678 53.0506 28.734
41.3848 49.1499 38.7883
40.8159 44.308 20.0671
16.3846 25.9328 36.148
11.824 17.6712 26.7575
19.9598 15.5034 24.6255
24.7235 23.4618 33.4963
7.3791 -1.5747 13.5366
14.2955 -1.5747 12.0541
16.3541 5.2559 16.8246
8.7019 6.9358 18.5186
36.4811 33.1827 37.3483
28.818 30.6551 42.5514
32.2756 25.9328 28.4297
31.1469 33.5224 10.7605
18.4246 -1.5747 -2.6306
23.0712 17.4332 2.6715
30.5489 53.0507 44.7078
27.1644 17.6712 19.5575
20.3561 -1.5747 7.6293
22.9676 6.9345 11.9909
20.4002 33.1827 45.5143
40.9879 48.0733 25.9509
30.6034 35.8349 26.1131
33.8543 31.5426 15.2223
44.7459 44.0158 15.1611
16.5507 -1.5747 20.9233
19.1711 -1.5747 12.0075
24.7611 14.364 13.9428
21.8712 18.0256 24.0302
53.6402 57.8682 4.9197
54.802 54.2837 14.8739
43.6848 47.5851 4.2351
32.9288 35.3229 3.8992
18.2658 -1.5747 2.3269
23.8522 17.5655 3.2636
50.5221 58.3599 25.2372
6.7068 37.7162 31.0133
3.4427 31.6905 23.6096
9.9811 29.5087 22.5095
13.3544 35.5861 29.7815
1.0144 7.592 12.669
6.8596 6.0062 11.8227
7.4359 19.7204 16.0527
1.2149 21.7602 17.0206
22.0452 41.9063 32.9968
16.2317 40.4578 36.746
19.1584 37.0921 26.0942
15.6667 31.0472 18.904
11.8821 7.1185 8.5477
12.813 21.1527 12.6085
9.557 42.5111 38.1319
24.9428 40.7161 23.3169
16.3134 39.1253 20.5202
19.4083 36.4105 14.5545
28.0333 38.0404 17.3276
1.3187 24.6812 13.1192
4.3216 21.9719 7.5715
10.7494 30.4251 10.8561
7.6903 33.2315 16.6887
38.1515 40.6904 13.5691
35.9931 38.7396 19.9628
30.0807 40.002 10.7759
21.3845 38.4027 7.9118
6.0983 23.9457 1.3065
12.6549 32.4783 4.3202
32.8746 41.4015 25.9028
17.3187 53.5142 -11.7705
11.213 47.9736 0.074
4.5798 44.815 -6.3385
10.8918 50.3742 -18.117
3.1159 10.7509 11.9863
-3.336 7.3489 5.7205
0.4569 30.3318 0.5902
7.134 33.5795 6.9869
8.2114 56.8604 -31.2915
16.3548 54.628 -27.867
2.4175 52.5815 -21.6535
-4.1347 47.0053 -9.9562
-11.9349 9.7033 2.2083
-8.3355 32.58 -3.0468
22.4951 57.745 -21.6152
5.2555 28.1064 38.5392
0.8606 21.3194 28.0483
9.4123 18.9063 26.041
13.9901 25.5263 36.0043
-2.6743 -1.5747 11.9199
4.747 -1.5747 10.487
6.1549 8.9079 16.6069
-1.8869 10.7391 18.2243
25.7435 34.0462 40.9644
17.9909 30.9783 45.6759
21.6658 28.5746 31.5072
16.8161 21.7635 21.5894
11.0188 -1.5747 6.371
12.9822 11.0788 12.2616
9.2119 33.5794 48.7241
38.3742 23.0277 16.2932
28.7122 20.3888 13.6522
31.4841 16.7441 5.9217
40.9043 19.2428 8.3938
12.3687 -1.5747 8.1654
14.6855 -1.5747 1.7051
21.3219 6.515 3.5684
18.4796 9.287 10.7029
53.0216 22.2708 1.6816
50.3185 19.8825 10.4756
43.3136 21.6356 -0.3036
33.6243 19.0414 -2.6842
16.5768 -1.5747 -5.8397
23.1535 8.3569 -4.55
48.1125 23.6242 18.5314
47.0756 20.4451 5.0465
34.2495 15.0772 9.0742
34.3606 13.2664 -1.1077
47.1062 18.3761 -4.8456
17.6062 -1.5747 11.1597
17.7525 -1.5747 1.541
24.4802 6.8437 1.1221
24.3192 8.3652 11.1802
55.9896 25.3006 -17.0133
60.6192 23.1032 -7.9637
42.3995 20.4451 -13.9069
29.5581 15.0772 -10.1501
13.2273 -1.5747 -6.9528
19.7315 8.3653 -7.7387
60.5942 25.3006 1.4034
7.1152 52.9267 34.6283
-1.9131 46.6194 24.6711
9.2619 42.8635 19.9606
18.2389 49.1513 29.8367
-9.9303 17.9847 9.6586
0.0342 14.5873 5.4982
2.832 33.6068 11.3168
-8.1204 37.5401 15.9741
32.7208 58.5915 28.8128
26.1403 54.7848 38.7027
24.9516 52.9267 19.6326
16.0333 46.6194 9.7276
5.9882 17.9847 -3.6942
9.4714 37.5401 1.2905
15.2175 58.5915 43.6377
11.9157 32.5431 -26.3828
9.0739 25.7561 -14.6635
0.945 23.3429 -17.8979
3.4437 29.963 -29.6256
2.6726 2.9161 0.9809
-4.2188 2.9161 -2.0879
-1.9157 13.3444 -8.0127
5.6025 15.1757 -4.8083
-2.6791 38.4829 -42.361
6.4965 35.415 -41.4267
-5.5256 33.0113 -30.5004
-7.7174 26.2002 -18.6094
-11.7202 2.9161 -2.5682
-10.0225 15.5154 -8.5278
15.1894 38.016 -38.1152
-35.1924 33.1575 -7.4621
-22.2296 30.028 -8.9058
-23.9496 26.236 1.6916
-37.3517 29.6112 3.3686
-5.161 -1.5747 -6.756
-6.3712 -1.5747 1.7829
-12.9799 14.2778 1.1643
-11.4858 17.5101 -8.5058
-45.5873 32.4266 14.7548
-50.0713 29.4529 4.4223
-33.2368 32.5967 13.7221
-20.2851 29.4457 11.7745
-3.5667 -1.5747 9.9028
-9.7026 16.9845 10.3235
-47.4639 32.9851 -6.3881
INDEX = 672
54 45 59
45 47 46
47 45 48
45 54 48
53 48 54
48 53 55
56 48 55
48 56 47
56 51 47
52 47 51
51 49 52
49 51 50
58 50 51
50 58 57
51 56 58
47 52 46
593 588 594
588 593 595
596 588 595
594 585 599
585 594 588
587 585 588
588 596 587
596 591 587
591 596 598
598 590 591
590 598 597
585 587 586
587 592 586
592 587 591
591 589 592
589 591 590
463 468 462
461 463 462
463 461 464
470 461 479
461 470 464
469 464 470
464 469 471
476 464 471
464 476 463
476 467 463
468 463 467
467 465 468
465 467 466
478 466 467
466 478 477
467 476 478
278 273 279
273 278 280
281 273 280
279 270 284
270 279 273
272 270 273
273 281 272
281 276 272
276 281 283
283 275 276
275 283 282
270 272 271
272 277 271
277 272 276
276 274 277
274 276 275
152 157 151
150 152 151
152 150 153
155 174 173
174 155 156
154 156 155
156 154 157
157 152 156
172 156 152
153 172 152
172 153 160
153 158 160
158 153 159
150 159 153
159 150 175
156 172 174
351 356 358
356 351 347
350 358 357
358 350 351
349 351 350
351 349 352
352 347 351
347 352 346
345 347 346
347 345 348
348 356 347
356 348 355
348 353 355
353 348 354
345 354 348
354 345 359
20 11 29
11 13 12
13 11 14
11 20 14
19 14 20
14 19 21
26 14 21
14 26 13
26 17 13
18 13 17
17 15 18
15 17 16
28 16 17
16 28 27
17 26 28
13 18 12
36 41 43
41 36 32
35 43 42
43 35 36
34 36 35
36 34 37
37 32 36
32 37 31
30 32 31
32 30 33
33 41 32
41 33 40
33 38 40
38 33 39
30 39 33
39 30 44
9 0 25
5 24 23
24 5 6
4 6 5
6 4 7
7 2 6
2 7 1
0 2 1
2 0 3
0 9 3
8 3 9
3 8 10
22 3 10
3 22 2
22 6 2
6 22 24
416 411 407
411 416 418
418 410 411
410 418 417
409 411 410
411 409 412
412 407 411
407 412 406
405 407 406
407 405 408
405 414 408
413 408 414
408 413 415
416 408 415
408 416 407
414 405 419
101 96 92
96 101 103
103 95 96
95 103 102
94 96 95
96 94 97
97 92 96
92 97 91
90 92 91
92 90 93
90 99 93
98 93 99
93 98 100
101 93 100
93 101 92
99 90 104
528 533 535
536 528 535
528 536 527
536 531 527
531 536 538
530 538 537
538 530 531
529 531 530
531 529 532
532 527 531
527 532 526
525 527 526
527 525 528
525 534 528
533 528 534
534 525 539
624 615 629
615 617 616
617 615 618
615 624 618
623 618 624
618 623 625
626 618 625
618 626 617
626 621 617
622 617 621
621 619 622
619 621 620
628 620 621
620 628 627
621 626 628
617 622 616
213 218 220
221 213 220
213 221 212
221 216 212
216 221 223
215 223 222
223 215 216
214 216 215
216 214 217
217 212 216
212 217 211
210 212 211
212 210 213
210 219 213
218 213 219
219 210 224
609 600 614
600 602 601
602 600 603
600 609 603
608 603 609
603 608 610
611 603 610
603 611 602
611 606 602
607 602 606
606 604 607
604 606 605
613 605 606
605 613 612
606 611 613
602 607 601
161 163 162
163 161 164
161 170 164
169 164 170
164 169 171
176 164 171
164 176 163
176 167 163
168 163 167
167 165 168
165 167 166
178 166 167
166 178 177
167 176 178
170 161 179
163 168 162
579 570 584
570 572 571
572 570 573
570 579 573
578 573 579
573 578 580
581 573 580
573 581 572
581 576 572
577 572 576
576 574 577
574 576 575
583 575 576
575 583 582
576 581 583
572 577 571
472 453 460
453 458 460
458 453 459
450 459 453
452 450 453
450 452 451
452 457 451
457 452 456
456 454 457
454 456 455
474 455 456
455 474 473
459 450 475
453 472 452
472 456 452
456 472 474
564 555 569
555 557 556
557 555 558
555 564 558
563 558 564
558 563 565
566 558 565
558 566 557
566 561 557
562 557 561
561 559 562
559 561 560
568 560 561
560 568 567
561 566 568
557 562 556
285 287 286
287 285 288
285 294 288
293 288 294
288 293 295
296 288 295
288 296 287
296 291 287
292 287 291
291 289 292
289 291 290
298 290 291
290 298 297
291 296 298
294 285 299
287 292 286
549 540 554
540 542 541
542 540 543
540 549 543
548 543 549
543 548 550
551 543 550
543 551 542
551 546 542
547 542 546
546 544 547
544 546 545
553 545 546
545 553 552
546 551 553
542 547 541
360 362 361
362 360 363
360 369 363
368 363 369
363 368 370
371 363 370
363 371 362
371 366 362
367 362 366
366 364 367
364 366 365
373 365 366
365 373 372
366 371 373
369 360 374
362 367 361
519 510 524
510 512 511
512 510 513
510 519 513
518 513 519
513 518 520
521 513 520
513 521 512
521 516 512
517 512 516
516 514 517
514 516 515
523 515 516
515 523 522
516 521 523
512 517 511
60 62 61
62 60 63
60 69 63
68 63 69
63 68 70
71 63 70
63 71 62
71 66 62
67 62 66
66 64 67
64 66 65
73 65 66
65 73 72
66 71 73
69 60 74
62 67 61
504 495 509
495 497 496
497 495 498
495 504 498
503 498 504
498 503 505
506 498 505
498 506 497
506 501 497
502 497 501
501 499 502
499 501 500
508 500 501
500 508 507
501 506 508
497 502 496
75 77 76
77 75 78
75 84 78
83 78 84
78 83 85
86 78 85
78 86 77
86 81 77
82 77 81
81 79 82
79 81 80
88 80 81
80 88 87
81 86 88
84 75 89
77 82 76
489 480 494
480 482 481
482 480 483
480 489 483
488 483 489
483 488 490
491 483 490
483 491 482
491 486 482
487 482 486
486 484 487
484 486 485
493 485 486
485 493 492
486 491 493
482 487 481
105 107 106
107 105 108
105 114 108
113 108 114
108 113 115
116 108 115
108 116 107
116 111 107
112 107 111
111 109 112
109 111 110
118 110 111
110 118 117
111 116 118
114 105 119
107 112 106
444 435 449
435 437 436
437 435 438
435 444 438
443 438 444
438 443 445
446 438 445
438 446 437
446 441 437
442 437 441
441 439 442
439 441 440
448 440 441
440 448 447
441 446 448
437 442 436
120 122 121
122 120 123
120 129 123
128 123 129
123 128 130
131 123 130
123 131 122
131 126 122
127 122 126
126 124 127
124 126 125
133 125 126
125 133 132
126 131 133
129 120 134
122 127 121
429 420 434
420 422 421
422 420 423
420 429 423
428 423 429
423 428 430
431 423 430
423 431 422
431 426 422
427 422 426
426 424 427
424 426 425
433 425 426
425 433 432
426 431 433
422 427 421
135 137 136
137 135 138
135 144 138
143 138 144
138 143 145
146 138 145
138 146 137
146 141 137
142 137 141
141 139 142
139 141 140
148 140 141
140 148 147
141 146 148
144 135 149
137 142 136
399 390 404
390 392 391
392 390 393
390 399 393
398 393 399
393 398 400
401 393 400
393 401 392
401 396 392
397 392 396
396 394 397
394 396 395
403 395 396
395 403 402
396 401 403
392 397 391
180 182 181
182 180 183
180 189 183
188 183 189
183 188 190
191 183 190
183 191 182
191 186 182
187 182 186
186 184 187
184 186 185
193 185 186
185 193 192
186 191 193
189 180 194
182 187 181
384 375 389
375 377 376
377 375 378
375 384 378
383 378 384
378 383 385
386 378 385
378 386 377
386 381 377
382 377 381
381 379 382
379 381 380
388 380 381
380 388 387
381 386 388
377 382 376
195 197 196
197 195 198
195 204 198
203 198 204
198 203 205
206 198 205
198 206 197
206 201 197
202 197 201
201 199 202
199 201 200
208 200 201
200 208 207
201 206 208
204 195 209
197 202 196
339 330 344
330 332 331
332 330 333
330 339 333
338 333 339
333 338 340
341 333 340
333 341 332
341 336 332
337 332 336
336 334 337
334 336 335
343 335 336
335 343 342
336 341 343
332 337 331
225 227 226
227 225 228
225 234 228
233 228 234
228 233 235
236 228 235
228 236 227
236 231 227
232 227 231
231 229 232
229 231 230
238 230 231
230 238 237
231 236 238
234 225 239
227 232 226
320 311 329
311 313 312
313 311 314
311 320 314
319 314 320
314 319 321
326 314 321
314 326 313
326 317 313
318 313 317
317 315 318
315 317 316
328 316 317
316 328 327
317 326 328
313 318 312
240 242 241
242 240 243
240 249 243
248 243 249
243 248 250
251 243 250
243 251 242
251 246 242
247 242 246
246 244 247
244 246 245
253 245 246
245 253 252
246 251 253
249 240 254
242 247 241
309 300 325
300 302 301
302 300 303
300 309 303
308 303 309
303 308 310
322 303 310
303 322 302
322 306 302
307 302 306
306 304 307
304 306 305
324 305 306
305 324 323
306 322 324
302 307 301
255 257 256
257 255 258
255 264 258
263 258 264
258 263 265
266 258 265
258 266 257
266 261 257
262 257 261
261 259 262
259 261 260
268 260 261
260 268 267
261 266 268
264 255 269
257 262 256
FACE-NORMAL = 672
-0.489646 0.8024 -0.341175
-0.574236 0.742135 -0.345672
-0.578811 0.741489 -0.339371
-0.490253 0.801546 -0.34231
-0.478956 0.831586 0.281185
-0.476941 0.831975 0.28345
-0.547611 0.785605 0.288004
-0.548928 0.783235 0.291925
-0.779579 0.555974 0.288358
-0.781451 0.537125 -0.31754
-0.888446 0.363115 -0.280734
-0.888432 0.370384 -0.271116
-0.889523 0.368842 0.269638
-0.893819 0.364663 0.260975
-0.77988 0.555808 0.287862
-0.781239 0.538599 -0.315557
-0.547706 0.835575 -0.0428113
-0.547913 0.834947 -0.0515199
-0.542104 0.839042 -0.0461833
0.0380338 0.830182 -0.556194
0.0392679 0.827167 -0.560582
0.0387023 0.826604 -0.561451
-0.537876 0.841714 -0.0469834
-0.698893 0.68317 -0.211723
-0.700379 0.686799 -0.19436
-0.848564 0.264935 -0.457984
-0.850893 0.266901 -0.452488
0.0413226 0.826695 -0.561131
-0.0567842 0.710597 -0.701304
-0.0512148 0.700373 -0.711937
-0.271807 0.318443 -0.908138
-0.270995 0.317829 -0.908596
-0.0420259 0.615949 -0.786664
0.0237231 0.744841 -0.66682
0.0069996 0.74246 -0.669854
0.0190167 0.786676 -0.617073
0.0296597 0.776087 -0.629929
-0.512176 0.770144 -0.380203
-0.509935 0.769296 -0.384903
-0.517765 0.754144 -0.403963
-0.512429 0.757528 -0.404435
-0.568909 0.615441 -0.545503
-0.0397018 0.614042 -0.788274
-0.0767953 0.512569 -0.855205
-0.167986 0.597974 -0.783714
-0.571903 0.578532 -0.581574
-0.506755 0.511301 -0.694097
-0.562046 0.611887 -0.556505
0.158622 0.972322 -0.17155
0.159972 0.971584 -0.174454
0.234143 0.971112 -0.0460311
-0.431907 0.88512 0.173258
-0.433636 0.883333 0.177996
-0.358583 0.887619 0.28905
0.230939 0.97186 -0.0464332
0.434264 0.828622 0.353271
0.424833 0.82559 0.371374
0.475051 0.735029 0.483796
0.397215 0.675838 0.620858
-0.352992 0.889577 0.289914
-0.0388046 0.755531 0.653963
-0.0195542 0.775582 0.630943
0.156125 0.598687 0.78562
0.323976 0.736725 0.593528
-0.0199194 0.572169 0.819894
-0.115299 0.740902 0.661643
-0.103388 0.740058 0.664548
0.603767 0.341417 0.720347
0.674771 0.38098 0.632091
0.174412 0.413992 0.893415
0.0829293 0.358018 0.930025
-0.0136887 0.577793 0.816069
0.653471 0.57784 0.488955
0.581438 0.753996 0.305645
0.573689 0.759507 0.306642
0.553494 0.788153 0.26918
0.557688 0.78897 0.257895
-0.137018 0.796872 0.588405
-0.141764 0.791747 0.594172
0.646336 0.574664 0.502007
0.68467 0.564661 -0.460852
0.680154 0.566263 -0.46555
0.796921 0.388766 -0.462361
0.790739 0.392495 -0.469765
0.909762 0.410775 0.0599734
0.912369 0.403336 0.0700192
0.816685 0.562974 0.126829
0.818099 0.559984 0.130893
0.624716 0.752788 0.207461
0.628782 0.751981 0.197885
0.463343 0.781749 -0.417351
0.462733 0.785692 -0.410568
0.398897 0.829551 -0.390801
0.402584 0.829014 -0.388153
0.54469 0.808958 0.221132
0.54187 0.811751 0.217801
-0.515082 0.79836 -0.311948
-0.586257 0.760389 -0.279486
-0.574834 0.762029 -0.298125
-0.510236 0.805364 -0.301741
-0.47343 0.818148 0.326339
-0.475515 0.817896 0.323933
-0.522142 0.788492 0.325036
-0.519033 0.795022 0.313919
-0.702613 0.638615 0.313854
-0.741183 0.624369 -0.246601
-0.836076 0.496211 -0.23399
-0.800036 0.586952 -0.124214
-0.753413 0.585901 0.298478
-0.837053 0.512043 0.192754
-0.713379 0.633675 0.299242
-0.745625 0.611881 -0.263902
-0.0564655 0.548285 0.834383
-0.0401523 0.551616 0.833131
-0.235572 0.371028 0.898245
-0.117948 0.410243 0.904317
-0.61079 0.444993 0.654917
-0.710111 0.379126 0.593301
-0.685293 0.549584 0.47784
-0.695465 0.541226 0.472655
-0.641718 0.692182 0.330276
-0.641834 0.692205 0.330001
0.052447 0.718479 0.693568
0.0535374 0.717426 0.694575
0.0635818 0.735369 0.674678
0.085855 0.73807 0.66924
-0.614659 0.737427 0.279992
-0.633755 0.72217 0.277174
-0.578484 0.783664 -0.226333
-0.789846 0.32323 0.521215
-0.717028 0.362811 0.595179
-0.919681 0.387082 0.0659833
-0.943239 0.331261 -0.02378
-0.821893 0.559752 -0.105687
-0.825849 0.552225 -0.114109
-0.652661 0.732817 -0.192389
-0.654283 0.732507 -0.188008
-0.567526 0.794945 -0.214423
-0.327951 0.787353 0.522037
-0.335204 0.786797 0.518256
-0.376155 0.756988 0.5343
-0.376099 0.751449 0.542102
-0.569865 0.569157 0.592718
-0.583471 0.565193 0.583197
0.55892 0.668039 -0.491256
0.582372 0.663531 -0.469648
0.73419 0.474474 -0.485634
0.813237 0.43284 -0.388966
0.846319 0.524915 -0.090601
0.882656 0.469984 0.00584986
0.706535 0.703366 0.0780051
0.716312 0.691037 0.0967676
0.525112 0.835473 0.161994
0.52468 0.835534 0.163078
0.447501 0.874835 0.185489
0.284597 0.856263 -0.431067
0.27831 0.856088 -0.435495
0.340749 0.825059 -0.450741
0.340757 0.825026 -0.450796
0.443867 0.877488 0.181648
-0.822094 0.34274 0.454632
-0.818982 0.344621 0.458807
-0.897862 0.104674 0.427652
-0.908337 0.0964131 0.406975
-0.968131 0.128253 -0.215112
-0.963024 0.116424 -0.242963
-0.893109 0.340253 -0.294251
-0.893365 0.346761 -0.285753
-0.628368 0.707038 -0.324424
-0.626028 0.707977 -0.326891
-0.342305 0.886252 -0.312067
-0.227597 0.911825 0.341723
-0.235064 0.91142 0.337726
-0.541424 0.722098 0.430621
-0.538916 0.727857 0.424022
-0.350448 0.879989 -0.320632
0.0541134 0.900167 0.43217
0.0444797 0.891879 0.450081
0.0405642 0.895024 0.44417
-0.233788 0.472952 0.849505
-0.230299 0.474108 0.849814
-0.303789 0.258449 0.917015
-0.312943 0.25582 0.914671
-0.739811 0.26056 0.620313
-0.731193 0.266244 0.628069
-0.721412 0.455078 0.521985
-0.721364 0.455122 0.522013
-0.522564 0.843367 0.125133
-0.525999 0.842565 0.115794
-0.50731 0.857084 0.0896852
0.0660738 0.900464 0.429883
-0.522115 0.848118 0.0899513
0.0141097 0.949442 0.313625
0.25667 0.896032 0.36228
0.269661 0.89796 0.347781
0.0141707 0.949418 0.313694
-0.0337753 0.964245 -0.262853
-0.0353417 0.963902 -0.263901
0.174588 0.925449 -0.336248
0.185519 0.914851 -0.35865
0.653988 0.619098 -0.434761
0.705055 0.632645 0.320402
0.912117 0.325167 0.249618
0.913433 0.38585 0.129459
0.849781 0.338494 -0.404096
0.900268 0.304688 -0.31094
0.666848 0.615267 -0.42043
0.709168 0.619422 0.336745
0.22959 0.956387 -0.18059
0.291401 0.946399 -0.139333
0.297653 0.944116 -0.141589
0.579701 0.811299 0.0757703
0.580341 0.812099 0.0608297
0.744771 0.630304 0.219162
0.743808 0.628911 0.226321
0.362108 0.636221 0.681249
0.36382 0.63907 0.677661
0.165587 0.789888 0.590472
0.168792 0.798363 0.578037
-0.0951574 0.908606 0.40667
-0.0876572 0.910142 0.404917
-0.169836 0.924525 0.341189
0.229797 0.956834 -0.177936
-0.169927 0.925652 0.338072
-0.377266 0.875147 0.302967
-0.400028 0.831837 0.384739
-0.400423 0.831868 0.384262
-0.38219 0.872562 0.304248
0.239697 0.856248 0.457586
0.246661 0.856104 0.454141
0.230295 0.825495 0.515288
0.230044 0.825684 0.515098
0.161518 0.67008 0.724503
-0.418219 0.69633 0.583282
-0.440534 0.46726 0.766549
-0.347462 0.520045 0.780271
0.0731201 0.480407 0.873992
-0.0575901 0.43321 0.899451
0.131431 0.665177 0.735027
-0.435568 0.685898 0.582945
0.0510185 0.774057 0.631057
0.0407004 0.774771 0.630931
0.00550184 0.815031 0.579391
0.513016 0.823989 0.240536
0.513179 0.824031 0.240045
0.536825 0.796718 0.277595
0.528027 0.801761 0.27994
0.618865 0.655621 0.432628
0.154597 0.64272 0.75034
0.20807 0.533878 0.819561
0.292126 0.627219 0.721982
0.625241 0.62254 0.470657
0.571773 0.548507 0.610094
0.612196 0.65141 0.448197
0.00718361 0.816822 0.576845
0.14531 0.634005 0.759554
-0.380476 0.900122 -0.212172
-0.424036 0.890845 -0.163059
-0.412431 0.891437 -0.187726
-0.363209 0.911748 -0.191822
-0.238748 0.90858 0.342757
-0.24779 0.908617 0.336177
-0.27352 0.897126 0.346918
-0.268538 0.90705 0.324266
-0.436798 0.808716 0.393938
-0.561063 0.817086 -0.132582
-0.824671 0.55715 -0.0974811
-0.78142 0.623893 -0.0118855
-0.681235 0.567436 0.462531
-0.751878 0.52366 0.400574
-0.455433 0.804076 0.382155
-0.575254 0.804233 -0.149306
-0.646447 0.739957 -0.18593
-0.636408 0.751447 -0.174105
-0.636304 0.751132 -0.175835
-0.0906862 0.740959 -0.665399
-0.123185 0.702743 -0.700698
-0.0871154 0.707199 -0.701627
-0.199491 0.556252 -0.806713
-0.193921 0.550009 -0.812333
-0.295524 0.360299 -0.884788
-0.376423 0.419985 -0.825783
-0.820769 0.375827 -0.430223
-0.780797 0.337529 -0.525767
-0.0925138 0.745185 -0.660409
-0.665282 0.724971 -0.178372
-0.768537 0.55095 -0.325277
-0.767885 0.550292 -0.32792
0.0389649 0.910289 -0.412135
-0.11584 0.881757 -0.457259
-0.113426 0.881362 -0.458623
0.0321298 0.905332 -0.423488
-0.115901 0.966976 0.226988
-0.111209 0.965647 0.234859
-0.294835 0.939072 0.176681
-0.295492 0.938783 0.177118
-0.71065 0.703459 0.0110535
-0.562371 0.670137 -0.484413
-0.710579 0.512425 -0.482181
-0.717232 0.647626 -0.257214
-0.76954 0.637945 -0.0288798
-0.804383 0.558847 -0.201639
-0.714015 0.700126 -0.00224524
-0.561332 0.652591 -0.508952
0.358856 0.898485 0.252876
0.35146 0.899106 0.260932
0.306216 0.917536 0.253693
0.320011 0.913187 -0.252353
0.321447 0.913131 -0.250728
0.352798 0.900233 -0.255173
0.347047 0.905427 -0.244459
0.530639 0.803309 -0.270402
0.507928 0.819186 0.266353
0.773673 0.559341 0.297603
0.755395 0.621534 0.207542
0.780721 0.556399 -0.28442
0.82952 0.516498 -0.21243
0.53895 0.800699 -0.261559
0.306983 0.916888 0.255103
0.513157 0.812229 0.277406
0.0835119 0.86391 -0.496675
0.0969022 0.81666 -0.568926
0.0737237 0.814693 -0.575187
0.0998434 0.848536 -0.519632
-0.489914 0.830379 -0.265434
-0.48784 0.830145 -0.269948
-0.501958 0.807714 -0.30925
-0.498435 0.809936 -0.309139
-0.557863 0.658445 -0.505211
0.00931848 0.684646 -0.728816
-0.0738097 0.458215 -0.885771
-0.162656 0.513669 -0.842429
-0.575553 0.468577 -0.670205
-0.495727 0.428568 -0.75537
-0.543026 0.654315 -0.526303
0.0186859 0.677701 -0.7351
0.413838 0.909274 0.0442665
0.411835 0.91044 0.0386157
0.359049 0.924739 0.126259
-0.207537 0.955974 -0.207465
-0.205082 0.956395 -0.207965
-0.169771 0.945537 -0.277736
-0.170315 0.945107 -0.278865
0.0197481 0.806813 -0.590477
0.5718 0.785173 -0.237798
0.638899 0.625858 -0.447336
0.645954 0.620326 -0.444903
0.158942 0.614528 -0.772718
0.150244 0.61643 -0.772943
0.00786177 0.807655 -0.589603
0.35647 0.925683 0.126652
0.556504 0.795486 -0.239803
0.0469126 0.920514 -0.387882
-0.0285328 0.904153 -0.426254
-0.0352135 0.905571 -0.422731
0.0472374 0.920862 -0.387017
-0.162686 0.957719 0.237292
-0.163314 0.957984 0.235787
-0.242722 0.947567 0.207854
-0.24643 0.946044 0.210413
-0.586668 0.80701 0.0674952
-0.310576 0.782638 -0.539464
-0.521524 0.629215 -0.576282
-0.519587 0.622501 -0.585253
-0.788483 0.613943 -0.0370121
-0.787547 0.615553 -0.0294106
-0.582976 0.808145 0.0839092
-0.310585 0.794071 -0.522483
-0.395053 0.907813 -0.140742
-0.394504 0.908791 -0.135886
-0.318817 0.923903 -0.211564
0.147099 0.957254 0.249053
0.150078 0.95676 0.249174
0.102501 0.94692 0.30469
0.103575 0.945277 0.309394
-0.145343 0.813913 0.562514
-0.615936 0.781996 0.0954251
-0.730469 0.621239 0.283686
-0.737651 0.614737 0.27923
-0.325434 0.624983 0.70957
-0.322339 0.625722 0.71033
-0.136062 0.814562 0.563894
-0.315438 0.925137 -0.211238
-0.601006 0.792838 0.100996
0.12381 0.79934 -0.587986
0.135256 0.738432 -0.660624
0.11225 0.73623 -0.667357
0.138891 0.783614 -0.605523
-0.447379 0.809073 -0.381121
-0.449549 0.809877 -0.376837
-0.469848 0.774718 -0.423149
-0.476718 0.770642 -0.422908
-0.547327 0.555339 -0.626125
0.0469521 0.541493 -0.839393
-0.0521351 0.293877 -0.95442
-0.0575962 0.296458 -0.953308
-0.569121 0.264094 -0.778688
-0.56717 0.263413 -0.780341
-0.548306 0.555744 -0.624907
0.0413856 0.54595 -0.836795
-0.498614 0.827601 0.2578
-0.499624 0.827532 0.256059
-0.364939 0.92745 -0.0815886
0.223574 0.958764 0.175461
0.223731 0.958737 0.175408
0.0979315 0.861177 0.498783
0.0969135 0.861962 0.497623
-0.0066324 0.714047 0.700067
-0.556066 0.696479 0.453549
-0.570501 0.468403 0.674631
-0.572025 0.467473 0.673986
-0.129105 0.469367 0.873514
-0.139299 0.466965 0.873235
-0.00280827 0.714576 0.699552
-0.364451 0.92763 -0.081721
-0.548277 0.701807 0.454818
-0.65409 0.571898 -0.495075
-0.689684 0.579454 -0.434246
-0.672234 0.584767 -0.454035
-0.64235 0.61636 -0.455507
-0.672649 0.667695 0.318944
-0.698508 0.657434 0.282607
-0.726268 0.629493 0.276175
-0.724435 0.633906 0.270846
-0.868988 0.443661 0.219147
-0.800047 0.452805 -0.393565
-0.883909 0.297176 -0.361099
-0.899592 0.347607 -0.264395
-0.935944 0.307392 0.17181
-0.957264 0.275013 0.0895204
-0.874265 0.439496 0.206164
-0.798362 0.439585 -0.411561
-0.497194 0.820515 -0.282052
-0.489763 0.82112 -0.293077
-0.411232 0.862087 -0.296131
-0.364554 0.855481 0.367767
-0.370253 0.855692 0.361529
-0.435495 0.824242 0.361897
-0.432321 0.829459 0.353691
-0.662756 0.665404 0.3435
-0.686143 0.685984 -0.242146
-0.868883 0.446714 -0.213283
-0.857352 0.500355 -0.120801
-0.835233 0.462361 0.297669
-0.887422 0.418004 0.194305
-0.681328 0.659629 0.317305
-0.417703 0.855198 -0.306855
-0.692083 0.671825 -0.263956
0.17868 0.922858 -0.341185
0.195865 0.898461 -0.392944
0.183154 0.897127 -0.402017
0.186105 0.919242 -0.346929
-0.337066 0.891243 -0.303435
-0.318952 0.889758 -0.326497
-0.328265 0.874715 -0.356533
-0.291992 0.893422 -0.341376
-0.336933 0.78763 -0.515863
0.207996 0.806709 -0.553135
0.209154 0.561347 -0.800715
0.136027 0.613889 -0.777584
-0.360225 0.548035 -0.754914
-0.295237 0.50914 -0.808463
-0.31966 0.781045 -0.536458
0.197053 0.814201 -0.546119
-0.314666 0.887394 -0.336922
-0.314177 0.885538 -0.342221
-0.192478 0.880478 -0.433255
0.209144 0.970152 0.122732
0.213812 0.96904 0.123478
0.061198 0.971481 0.229084
0.0612955 0.971872 0.227393
-0.326751 0.823095 0.464486
-0.643208 0.765224 0.0267298
-0.788257 0.576184 0.216017
-0.592181 0.718922 0.363967
-0.459151 0.721122 0.518809
-0.597381 0.659906 0.455698
-0.344838 0.819929 0.45695
-0.18004 0.88371 -0.432022
-0.66953 0.742744 0.00786674
0.221065 0.891599 0.395199
0.330321 0.891153 0.311021
0.330285 0.890769 0.312157
0.230597 0.888215 0.397365
-0.191209 0.972317 -0.134308
-0.197513 0.970778 -0.1363
-0.0798526 0.970652 -0.226846
-0.0798329 0.970871 -0.225914
0.299933 0.819803 -0.487815
0.628669 0.775514 -0.0579176
0.766025 0.590648 -0.253654
0.566404 0.723341 -0.394924
0.431074 0.715661 -0.549549
0.571502 0.65987 -0.487808
0.318514 0.817039 -0.480621
0.654877 0.754644 -0.0405956
-0.297616 0.895761 0.330209
-0.30524 0.896332 0.321587
-0.292019 0.915833 0.275635
0.208273 0.915704 0.343669
0.206156 0.915621 0.345163
0.206655 0.903565 0.37532
0.197799 0.908067 0.369175
0.201208 0.810234 0.550487
-0.330175 0.814074 0.477775
-0.392382 0.55329 0.734783
-0.305648 0.615211 0.726701
0.185758 0.571807 0.799081
0.105469 0.527324 0.843093
0.191596 0.807507 0.557875
-0.294546 0.914718 0.276646
-0.34069 0.807565 0.481424
0.510385 0.855152 0.0906785
0.694504 0.718225 -0.0426272
0.694091 0.718869 -0.0382697
0.504732 0.85865 0.0892499
-0.0869927 0.886622 -0.454239
-0.0742455 0.886992 -0.455778
0.0687106 0.72705 -0.683138
0.0713495 0.733044 -0.676428
0.290863 0.32422 -0.900156
0.90449 0.34185 -0.255023
0.929019 0.129726 -0.346548
0.913651 0.142431 -0.380729
0.367971 0.0978626 -0.924673
0.392825 0.0910966 -0.91509
0.281507 0.32653 -0.902293
0.901829 0.345415 -0.259601
0.00837113 0.91137 0.411502
0.0263585 0.914213 0.404377
-0.188747 0.947767 0.257122
0.0284154 0.959817 -0.279186
0.0275184 0.959367 -0.280815
0.249412 0.935721 -0.249439
0.269929 0.925936 -0.26416
0.739682 0.663638 -0.111603
0.442732 0.679929 0.584538
0.671735 0.398673 0.624365
0.725125 0.465617 0.50734
0.911176 0.411953 0.00727591
0.917617 0.377092 0.12562
0.744878 0.660699 -0.0929117
-0.188775 0.94779 0.257018
0.439829 0.667008 0.601374
0.374782 0.927077 -0.00821522
0.393774 0.91285 -0.107919
0.392132 0.913324 -0.109873
0.373688 0.927524 -0.00758512
-0.267039 0.955803 -0.12301
-0.261994 0.95675 -0.126448
-0.256355 0.945386 -0.201315
-0.251264 0.947773 -0.19645
-0.194419 0.818968 -0.539901
0.440707 0.795253 -0.416354
0.435694 0.637556 -0.635368
0.449895 0.626848 -0.636126
-0.124078 0.631211 -0.765623
-0.138333 0.634531 -0.760417
-0.19491 0.819009 -0.539662
0.429998 0.80255 -0.413539
-0.213409 0.750987 0.62488
-0.202648 0.75054 0.628986
-0.23029 0.805716 0.545699
0.379945 0.843558 0.379542
0.382137 0.844053 0.376225
0.403622 0.804462 0.435809
0.409974 0.801046 0.436174
0.471635 0.587842 0.657268
-0.125808 0.555047 0.82225
-0.0603833 0.397469 0.915626
-0.0510443 0.405042 0.912872
0.48518 0.418867 0.767562
0.474058 0.412598 0.777838
0.469515 0.587011 0.659525
-0.226747 0.808959 0.542376
-0.122729 0.557543 0.821026
0.541496 0.726117 -0.423717
0.538474 0.696024 -0.474969
0.535698 0.695638 -0.478659
0.522095 0.741291 -0.421787
-0.290959 0.723674 -0.625811
-0.253669 0.71924 -0.646796
-0.247029 0.689309 -0.68105
-0.223104 0.709748 -0.668194
-0.163494 0.528783 -0.832862
0.550712 0.549655 -0.628169
0.548403 0.378704 -0.745545
0.44396 0.437756 -0.781837
-0.0812193 0.383711 -0.919874
0.0336147 0.347038 -0.937248
-0.125028 0.520804 -0.844471
0.55627 0.545612 -0.626795
0.393766 0.784629 0.47886
0.39421 0.78461 0.478524
0.263358 0.850102 0.456037
0.462129 0.871196 -0.165695
0.46198 0.871171 -0.166236
0.593363 0.795649 -0.121913
0.59357 0.795455 -0.122167
0.845265 0.534331 -0.00412721
0.7104 0.511595 0.483325
0.806262 0.371862 0.460065
0.811096 0.37766 0.44665
0.927194 0.370043 0.0581396
0.927304 0.368063 0.068091
0.845303 0.534273 -0.0038816
0.263298 0.850547 0.455241
0.710096 0.510677 0.48474
0.552295 0.818026 0.160638
0.616653 0.775479 0.135538
0.613617 0.776263 0.144534
0.554091 0.816378 0.162821
0.385435 0.821459 -0.420291
0.382896 0.821714 -0.42211
0.427609 0.792843 -0.434224
0.427301 0.796695 -0.427423
0.602376 0.64527 -0.469861
0.76196 0.643669 0.0714569
0.844869 0.53344 0.040469
0.778472 0.62376 -0.0700329
0.649311 0.600904 -0.466164
0.758033 0.532694 -0.37633
0.615427 0.641106 -0.458511
0.768076 0.634899 0.0834369
0.0288306 0.746987 0.664214
0.0248509 0.747989 0.663246
-0.0879991 0.885913 0.455428
0.412556 0.91082 0.0142883
0.412792 0.910649 0.0179506
0.621791 0.758225 0.196139
0.619792 0.759786 0.196429
0.777788 0.507854 0.370311
0.148554 0.519905 0.841208
0.303462 0.14705 0.941428
0.336513 0.161294 0.927762
0.843099 0.125455 0.522919
0.827835 0.11581 0.548888
0.780262 0.510417 0.361478
-0.0895147 0.882845 0.461055
0.154081 0.525818 0.836525
0.606806 0.791961 0.0677054
0.66991 0.741672 0.0338098
0.671478 0.740717 0.0213486
0.60019 0.79733 0.0635326
0.19094 0.791663 -0.580355
0.195752 0.791319 -0.579219
0.235983 0.75822 -0.607795
0.233375 0.750677 -0.618078
0.41274 0.56507 -0.714382
0.811155 0.578383 -0.0865998
0.914482 0.353068 -0.197653
0.86684 0.408444 -0.285942
0.558598 0.36124 -0.746642
0.647929 0.324842 -0.688959
0.433857 0.560239 -0.705621
0.816432 0.571893 -0.0798571
-0.22678 0.831836 0.506577
-0.227323 0.831867 0.506283
-0.24039 0.87256 0.425268
0.393661 0.856247 0.334474
0.398826 0.856103 0.328673
0.406558 0.825494 0.391498
0.406247 0.825687 0.391414
0.421155 0.670086 0.611239
-0.169259 0.696337 0.697471
-0.120951 0.465666 0.876656
-0.0299106 0.518077 0.854811
0.39508 0.47862 0.784114
0.283777 0.431701 0.856216
0.397207 0.665184 0.632264
-0.236307 0.875142 0.422238
-0.185483 0.685897 0.703663
TEXTURE-VERTEX = 630
0.383545 0.25
0.383545 0.5
0.557617 0.5
0.557617 0.25
0.383545 1.0
0.557617 1.0
0.557617 0.75
0.383545 0.75
0.732422 3.05176e-005
0.557617 3.05176e-005
0.732422 0.25
3.05176e-005 0.25
3.05176e-005 0.5
0.190796 0.5
0.190796 0.25
3.05176e-005 1.0
0.190796 1.0
0.190796 0.75
3.05176e-005 0.75
0.381592 3.05176e-005
0.190796 3.05176e-005
0.381592 0.25
0.732422 0.5
0.732422 1.0
0.732422 0.75
0.383545 3.05176e-005
0.381592 0.5
0.381592 1.0
0.381592 0.75
3.05176e-005 3.05176e-005
0.381592 0.25
0.381592 0.5
0.190796 0.5
0.190796 0.25
0.381592 1.0
0.190796 1.0
0.190796 0.75
0.381592 0.75
3.05176e-005 3.05176e-005
0.190796 3.05176e-005
3.05176e-005 0.25
3.05176e-005 0.5
3.05176e-005 1.0
3.05176e-005 0.75
0.381592 3.05176e-005
0.383545 0.25
0.383545 0.5
0.557617 0.5
0.557617 0.25
0.383545 1.0
0.557617 1.0
0.557617 0.75
0.383545 0.75
0.732422 3.05176e-005
0.557617 3.05176e-005
0.732422 0.25
0.732422 0.5
0.732422 1.0
0.732422 0.75
0.383545 3.05176e-005
3.05176e-005 0.25
3.05176e-005 0.5
0.190796 0.5
0.190796 0.25
3.05176e-005 1.0
0.190796 1.0
0.190796 0.75
3.05176e-005 0.75
0.381592 3.05176e-005
0.190796 3.05176e-005
0.381592 0.25
0.381592 0.5
0.381592 1.0
0.381592 0.75
3.05176e-005 3.05176e-005
0.383545 0.25
0.383545 0.5
0.557617 0.5
0.557617 0.25
0.383545 1.0
0.557617 1.0
0.557617 0.75
0.383545 0.75
0.732422 3.05176e-005
0.557617 3.05176e-005
0.732422 0.25
0.732422 0.5
0.732422 1.0
0.732422 0.75
0.383545 3.05176e-005
3.05176e-005 0.25
3.05176e-005 0.5
0.190796 0.5
0.190796 0.25
3.05176e-005 1.0
0.190796 1.0
0.190796 0.75
3.05176e-005 0.75
0.381592 3.05176e-005
0.190796 3.05176e-005
0.381592 0.25
0.381592 0.5
0.381592 1.0
0.381592 0.75
3.05176e-005 3.05176e-005
0.381592 0.25
0.381592 0.5
0.190796 0.5
0.190796 0.25
0.381592 1.0
0.190796 1.0
0.190796 0.75
0.381592 0.75
3.05176e-005 3.05176e-005
0.190796 3.05176e-005
3.05176e-005 0.25
3.05176e-005 0.5
3.05176e-005 1.0
3.05176e-005 0.75
0.381592 3.05176e-005
3.05176e-005 0.25
3.05176e-005 0.5
0.190796 0.5
0.190796 0.25
3.05176e-005 1.0
0.190796 1.0
0.190796 0.75
3.05176e-005 0.75
0.381592 3.05176e-005
0.190796 3.05176e-005
0.381592 0.25
0.381592 0.5
0.381592 1.0
0.381592 0.75
3.05176e-005 3.05176e-005
0.383545 0.25
0.383545 0.5
0.557617 0.5
0.557617 0.25
0.383545 1.0
0.557617 1.0
0.557617 0.75
0.383545 0.75
0.732422 3.05176e-005
0.557617 3.05176e-005
0.732422 0.25
0.732422 0.5
0.732422 1.0
0.732422 0.75
0.383545 3.05176e-005
0.732422 0.25
0.732422 0.5
0.557617 0.5
0.557617 0.25
0.732422 1.0
0.557617 1.0
0.557617 0.75
0.732422 0.75
0.383545 3.05176e-005
0.557617 3.05176e-005
0.383545 0.25
0.381592 0.25
0.381592 0.5
0.190796 0.5
0.190796 0.25
0.381592 1.0
0.190796 1.0
0.190796 0.75
0.381592 0.75
3.05176e-005 3.05176e-005
0.190796 3.05176e-005
3.05176e-005 0.25
0.383545 0.5
0.383545 1.0
0.383545 0.75
0.732422 3.05176e-005
3.05176e-005 0.5
3.05176e-005 1.0
3.05176e-005 0.75
0.381592 3.05176e-005
3.05176e-005 0.25
3.05176e-005 0.5
0.190796 0.5
0.190796 0.25
3.05176e-005 1.0
0.190796 1.0
0.190796 0.75
3.05176e-005 0.75
0.381592 3.05176e-005
0.190796 3.05176e-005
0.381592 0.25
0.381592 0.5
0.381592 1.0
0.381592 0.75
3.05176e-005 3.05176e-005
0.383545 0.25
0.383545 0.5
0.557617 0.5
0.557617 0.25
0.383545 1.0
0.557617 1.0
0.557617 0.75
0.383545 0.75
0.732422 3.05176e-005
0.557617 3.05176e-005
0.732422 0.25
0.732422 0.5
0.732422 1.0
0.732422 0.75
0.383545 3.05176e-005
3.05176e-005 0.25
3.05176e-005 0.5
0.190796 0.5
0.190796 0.25
3.05176e-005 1.0
0.190796 1.0
0.190796 0.75
3.05176e-005 0.75
0.381592 3.05176e-005
0.190796 3.05176e-005
0.381592 0.25
0.381592 0.5
0.381592 1.0
0.381592 0.75
3.05176e-005 3.05176e-005
0.383545 0.25
0.383545 0.5
0.557617 0.5
0.557617 0.25
0.383545 1.0
0.557617 1.0
0.557617 0.75
0.383545 0.75
0.732422 3.05176e-005
0.557617 3.05176e-005
0.732422 0.25
0.732422 0.5
0.732422 1.0
0.732422 0.75
0.383545 3.05176e-005
0.381592 0.25
0.381592 0.5
0.190796 0.5
0.190796 0.25
0.381592 1.0
0.190796 1.0
0.190796 0.75
0.381592 0.75
3.05176e-005 3.05176e-005
0.190796 3.05176e-005
3.05176e-005 0.25
3.05176e-005 0.5
3.05176e-005 1.0
3.05176e-005 0.75
0.381592 3.05176e-005
3.05176e-005 0.25
3.05176e-005 0.5
0.190796 0.5
0.190796 0.25
3.05176e-005 1.0
0.190796 1.0
0.190796 0.75
3.05176e-005 0.75
0.381592 3.05176e-005
0.190796 3.05176e-005
0.381592 0.25
0.381592 0.5
0.381592 1.0
0.381592 0.75
3.05176e-005 3.05176e-005
3.05176e-005 0.25
3.05176e-005 0.5
0.190796 0.5
0.190796 0.25
3.05176e-005 1.0
0.190796 1.0
0.190796 0.75
3.05176e-005 0.75
0.381592 3.05176e-005
0.190796 3.05176e-005
0.381592 0.25
0.381592 0.5
0.381592 1.0
0.381592 0.75
3.05176e-005 3.05176e-005
0.383545 0.25
0.383545 0.5
0.557617 0.5
0.557617 0.25
0.383545 1.0
0.557617 1.0
0.557617 0.75
0.383545 0.75
0.732422 3.05176e-005
0.557617 3.05176e-005
0.732422 0.25
0.732422 0.5
0.732422 1.0
0.732422 0.75
0.383545 3.05176e-005
0.732422 0.25
0.732422 0.5
0.557617 0.5
0.557617 0.25
0.732422 1.0
0.557617 1.0
0.557617 0.75
0.732422 0.75
0.383545 3.05176e-005
0.557617 3.05176e-005
0.383545 0.25
0.381592 0.25
0.381592 0.5
0.190796 0.5
0.190796 0.25
0.381592 1.0
0.190796 1.0
0.190796 0.75
0.381592 0.75
3.05176e-005 3.05176e-005
0.190796 3.05176e-005
3.05176e-005 0.25
0.383545 0.5
0.383545 1.0
0.383545 0.75
0.732422 3.05176e-005
3.05176e-005 0.5
3.05176e-005 1.0
3.05176e-005 0.75
0.381592 3.05176e-005
0.381592 0.25
0.381592 0.5
0.190796 0.5
0.190796 0.25
0.381592 1.0
0.190796 1.0
0.190796 0.75
0.381592 0.75
3.05176e-005 3.05176e-005
0.190796 3.05176e-005
3.05176e-005 0.25
3.05176e-005 0.5
3.05176e-005 1.0
3.05176e-005 0.75
0.381592 3.05176e-005
0.383545 0.25
0.383545 0.5
0.557617 0.5
0.557617 0.25
0.383545 1.0
0.557617 1.0
0.557617 0.75
0.383545 0.75
0.732422 3.05176e-005
0.557617 3.05176e-005
0.732422 0.25
0.732422 0.5
0.732422 1.0
0.732422 0.75
0.383545 3.05176e-005
3.05176e-005 0.25
3.05176e-005 0.5
0.190796 0.5
0.190796 0.25
3.05176e-005 1.0
0.190796 1.0
0.190796 0.75
3.05176e-005 0.75
0.381592 3.05176e-005
0.190796 3.05176e-005
0.381592 0.25
0.381592 0.5
0.381592 1.0
0.381592 0.75
3.05176e-005 3.05176e-005
0.732422 0.25
0.732422 0.5
0.557617 0.5
0.557617 0.25
0.732422 1.0
0.557617 1.0
0.557617 0.75
0.732422 0.75
0.383545 3.05176e-005
0.557617 3.05176e-005
0.383545 0.25
0.383545 0.5
0.383545 1.0
0.383545 0.75
0.732422 3.05176e-005
3.05176e-005 0.25
3.05176e-005 0.5
0.190796 0.5
0.190796 0.25
3.05176e-005 1.0
0.190796 1.0
0.190796 0.75
3.05176e-005 0.75
0.381592 3.05176e-005
0.190796 3.05176e-005
0.381592 0.25
0.381592 0.5
0.381592 1.0
0.381592 0.75
3.05176e-005 3.05176e-005
3.05176e-005 0.25
3.05176e-005 0.5
0.190796 0.5
0.190796 0.25
3.05176e-005 1.0
0.190796 1.0
0.190796 0.75
3.05176e-005 0.75
0.381592 3.05176e-005
0.190796 3.05176e-005
0.381592 0.25
0.381592 0.5
0.381592 1.0
0.381592 0.75
3.05176e-005 3.05176e-005
3.05176e-005 0.25
3.05176e-005 0.5
0.190796 0.5
0.190796 0.25
3.05176e-005 1.0
0.190796 1.0
0.190796 0.75
3.05176e-005 0.75
0.381592 3.05176e-005
0.190796 3.05176e-005
0.381592 0.25
0.381592 0.5
0.381592 1.0
0.381592 0.75
3.05176e-005 3.05176e-005
0.383545 0.25
0.383545 0.5
0.557617 0.5
0.557617 0.25
0.383545 1.0
0.557617 1.0
0.557617 0.75
0.383545 0.75
0.732422 3.05176e-005
0.557617 3.05176e-005
0.732422 0.25
0.732422 0.5
0.732422 1.0
0.732422 0.75
0.383545 3.05176e-005
0.383545 0.25
0.383545 0.5
0.557617 0.5
0.557617 0.25
0.383545 1.0
0.557617 1.0
0.557617 0.75
0.383545 0.75
0.732422 3.05176e-005
0.557617 3.05176e-005
0.732422 0.25
0.381592 0.25
0.381592 0.5
0.190796 0.5
0.190796 0.25
0.381592 1.0
0.190796 1.0
0.190796 0.75
0.381592 0.75
3.05176e-005 3.05176e-005
0.190796 3.05176e-005
3.05176e-005 0.25
0.732422 0.5
0.732422 1.0
0.732422 0.75
0.383545 3.05176e-005
3.05176e-005 0.5
3.05176e-005 1.0
3.05176e-005 0.75
0.381592 3.05176e-005
3.05176e-005 0.25
3.05176e-005 0.5
0.190796 0.5
0.190796 0.25
3.05176e-005 1.0
0.190796 1.0
0.190796 0.75
3.05176e-005 0.75
0.381592 3.05176e-005
0.190796 3.05176e-005
0.381592 0.25
0.381592 0.5
0.381592 1.0
0.381592 0.75
3.05176e-005 3.05176e-005
0.383545 0.25
0.383545 0.5
0.557617 0.5
0.557617 0.25
0.383545 1.0
0.557617 1.0
0.557617 0.75
0.383545 0.75
0.732422 3.05176e-005
0.557617 3.05176e-005
0.732422 0.25
0.732422 0.5
0.732422 1.0
0.732422 0.75
0.383545 3.05176e-005
3.05176e-005 0.25
3.05176e-005 0.5
0.190796 0.5
0.190796 0.25
3.05176e-005 1.0
0.190796 1.0
0.190796 0.75
3.05176e-005 0.75
0.381592 3.05176e-005
0.190796 3.05176e-005
0.381592 0.25
0.381592 0.5
0.381592 1.0
0.381592 0.75
3.05176e-005 3.05176e-005
0.732422 0.25
0.732422 0.5
0.557617 0.5
0.557617 0.25
0.732422 1.0
0.557617 1.0
0.557617 0.75
0.732422 0.75
0.383545 3.05176e-005
0.557617 3.05176e-005
0.383545 0.25
0.383545 0.5
0.383545 1.0
0.383545 0.75
0.732422 3.05176e-005
3.05176e-005 0.25
3.05176e-005 0.5
0.190796 0.5
0.190796 0.25
3.05176e-005 1.0
0.190796 1.0
0.190796 0.75
3.05176e-005 0.75
0.381592 3.05176e-005
0.190796 3.05176e-005
0.381592 0.25
0.381592 0.5
0.381592 1.0
0.381592 0.75
3.05176e-005 3.05176e-005
3.05176e-005 0.25
3.05176e-005 0.5
0.190796 0.5
0.190796 0.25
3.05176e-005 1.0
0.190796 1.0
0.190796 0.75
3.05176e-005 0.75
0.381592 3.05176e-005
0.190796 3.05176e-005
0.381592 0.25
0.381592 0.5
0.381592 1.0
0.381592 0.75
3.05176e-005 3.05176e-005
0.732422 0.25
0.732422 0.5
0.557617 0.5
0.557617 0.25
0.732422 1.0
0.557617 1.0
0.557617 0.75
0.732422 0.75
0.383545 3.05176e-005
0.557617 3.05176e-005
0.383545 0.25
0.383545 0.5
0.383545 1.0
0.383545 0.75
0.732422 3.05176e-005
0.383545 0.25
0.383545 0.5
0.557617 0.5
0.557617 0.25
0.383545 1.0
0.557617 1.0
0.557617 0.75
0.383545 0.75
0.732422 3.05176e-005
0.557617 3.05176e-005
0.732422 0.25
0.732422 0.5
0.732422 1.0
0.732422 0.75
0.383545 3.05176e-005
0.381592 0.25
0.381592 0.5
0.190796 0.5
0.190796 0.25
0.381592 1.0
0.190796 1.0
0.190796 0.75
0.381592 0.75
3.05176e-005 3.05176e-005
0.190796 3.05176e-005
3.05176e-005 0.25
3.05176e-005 0.5
3.05176e-005 1.0
3.05176e-005 0.75
0.381592 3.05176e-005
0.381592 0.25
0.381592 0.5
0.190796 0.5
0.190796 0.25
0.381592 1.0
0.190796 1.0
0.190796 0.75
0.381592 0.75
3.05176e-005 3.05176e-005
0.190796 3.05176e-005
3.05176e-005 0.25
3.05176e-005 0.5
3.05176e-005 1.0
3.05176e-005 0.75
0.381592 3.05176e-005
TEXTURE-FACE = 672
54 45 59
45 47 46
47 45 48
45 54 48
53 48 54
48 53 55
56 48 55
48 56 47
56 51 47
52 47 51
51 49 52
49 51 50
58 50 51
50 58 57
51 56 58
47 52 46
593 588 594
588 593 595
596 588 595
594 585 599
585 594 588
587 585 588
588 596 587
596 591 587
591 596 598
598 590 591
590 598 597
585 587 586
587 592 586
592 587 591
591 589 592
589 591 590
463 468 462
461 463 462
463 461 464
470 461 479
461 470 464
469 464 470
464 469 471
476 464 471
464 476 463
476 467 463
468 463 467
467 465 468
465 467 466
478 466 467
466 478 477
467 476 478
278 273 279
273 278 280
281 273 280
279 270 284
270 279 273
272 270 273
273 281 272
281 276 272
276 281 283
283 275 276
275 283 282
270 272 271
272 277 271
277 272 276
276 274 277
274 276 275
152 157 151
150 152 151
152 150 153
155 174 173
174 155 156
154 156 155
156 154 157
157 152 156
172 156 152
153 172 152
172 153 160
153 158 160
158 153 159
150 159 153
159 150 175
156 172 174
351 356 358
356 351 347
350 358 357
358 350 351
349 351 350
351 349 352
352 347 351
347 352 346
345 347 346
347 345 348
348 356 347
356 348 355
348 353 355
353 348 354
345 354 348
354 345 359
20 11 29
11 13 12
13 11 14
11 20 14
19 14 20
14 19 21
26 14 21
14 26 13
26 17 13
18 13 17
17 15 18
15 17 16
28 16 17
16 28 27
17 26 28
13 18 12
36 41 43
41 36 32
35 43 42
43 35 36
34 36 35
36 34 37
37 32 36
32 37 31
30 32 31
32 30 33
33 41 32
41 33 40
33 38 40
38 33 39
30 39 33
39 30 44
9 0 25
5 24 23
24 5 6
4 6 5
6 4 7
7 2 6
2 7 1
0 2 1
2 0 3
0 9 3
8 3 9
3 8 10
22 3 10
3 22 2
22 6 2
6 22 24
416 411 407
411 416 418
418 410 411
410 418 417
409 411 410
411 409 412
412 407 411
407 412 406
405 407 406
407 405 408
405 414 408
413 408 414
408 413 415
416 408 415
408 416 407
414 405 419
101 96 92
96 101 103
103 95 96
95 103 102
94 96 95
96 94 97
97 92 96
92 97 91
90 92 91
92 90 93
90 99 93
98 93 99
93 98 100
101 93 100
93 101 92
99 90 104
528 533 535
536 528 535
528 536 527
536 531 527
531 536 538
530 538 537
538 530 531
529 531 530
531 529 532
532 527 531
527 532 526
525 527 526
527 525 528
525 534 528
533 528 534
534 525 539
624 615 629
615 617 616
617 615 618
615 624 618
623 618 624
618 623 625
626 618 625
618 626 617
626 621 617
622 617 621
621 619 622
619 621 620
628 620 621
620 628 627
621 626 628
617 622 616
213 218 220
221 213 220
213 221 212
221 216 212
216 221 223
215 223 222
223 215 216
214 216 215
216 214 217
217 212 216
212 217 211
210 212 211
212 210 213
210 219 213
218 213 219
219 210 224
609 600 614
600 602 601
602 600 603
600 609 603
608 603 609
603 608 610
611 603 610
603 611 602
611 606 602
607 602 606
606 604 607
604 606 605
613 605 606
605 613 612
606 611 613
602 607 601
161 163 162
163 161 164
161 170 164
169 164 170
164 169 171
176 164 171
164 176 163
176 167 163
168 163 167
167 165 168
165 167 166
178 166 167
166 178 177
167 176 178
170 161 179
163 168 162
579 570 584
570 572 571
572 570 573
570 579 573
578 573 579
573 578 580
581 573 580
573 581 572
581 576 572
577 572 576
576 574 577
574 576 575
583 575 576
575 583 582
576 581 583
572 577 571
472 453 460
453 458 460
458 453 459
450 459 453
452 450 453
450 452 451
452 457 451
457 452 456
456 454 457
454 456 455
474 455 456
455 474 473
459 450 475
453 472 452
472 456 452
456 472 474
564 555 569
555 557 556
557 555 558
555 564 558
563 558 564
558 563 565
566 558 565
558 566 557
566 561 557
562 557 561
561 559 562
559 561 560
568 560 561
560 568 567
561 566 568
557 562 556
285 287 286
287 285 288
285 294 288
293 288 294
288 293 295
296 288 295
288 296 287
296 291 287
292 287 291
291 289 292
289 291 290
298 290 291
290 298 297
291 296 298
294 285 299
287 292 286
549 540 554
540 542 541
542 540 543
540 549 543
548 543 549
543 548 550
551 543 550
543 551 542
551 546 542
547 542 546
546 544 547
544 546 545
553 545 546
545 553 552
546 551 553
542 547 541
360 362 361
362 360 363
360 369 363
368 363 369
363 368 370
371 363 370
363 371 362
371 366 362
367 362 366
366 364 367
364 366 365
373 365 366
365 373 372
366 371 373
369 360 374
362 367 361
519 510 524
510 512 511
512 510 513
510 519 513
518 513 519
513 518 520
521 513 520
513 521 512
521 516 512
517 512 516
516 514 517
514 516 515
523 515 516
515 523 522
516 521 523
512 517 511
60 62 61
62 60 63
60 69 63
68 63 69
63 68 70
71 63 70
63 71 62
71 66 62
67 62 66
66 64 67
64 66 65
73 65 66
65 73 72
66 71 73
69 60 74
62 67 61
504 495 509
495 497 496
497 495 498
495 504 498
503 498 504
498 503 505
506 498 505
498 506 497
506 501 497
502 497 501
501 499 502
499 501 500
508 500 501
500 508 507
501 506 508
497 502 496
75 77 76
77 75 78
75 84 78
83 78 84
78 83 85
86 78 85
78 86 77
86 81 77
82 77 81
81 79 82
79 81 80
88 80 81
80 88 87
81 86 88
84 75 89
77 82 76
489 480 494
480 482 481
482 480 483
480 489 483
488 483 489
483 488 490
491 483 490
483 491 482
491 486 482
487 482 486
486 484 487
484 486 485
493 485 486
485 493 492
486 491 493
482 487 481
105 107 106
107 105 108
105 114 108
113 108 114
108 113 115
116 108 115
108 116 107
116 111 107
112 107 111
111 109 112
109 111 110
118 110 111
110 118 117
111 116 118
114 105 119
107 112 106
444 435 449
435 437 436
437 435 438
435 444 438
443 438 444
438 443 445
446 438 445
438 446 437
446 441 437
442 437 441
441 439 442
439 441 440
448 440 441
440 448 447
441 446 448
437 442 436
120 122 121
122 120 123
120 129 123
128 123 129
123 128 130
131 123 130
123 131 122
131 126 122
127 122 126
126 124 127
124 126 125
133 125 126
125 133 132
126 131 133
129 120 134
122 127 121
429 420 434
420 422 421
422 420 423
420 429 423
428 423 429
423 428 430
431 423 430
423 431 422
431 426 422
427 422 426
426 424 427
424 426 425
433 425 426
425 433 432
426 431 433
422 427 421
135 137 136
137 135 138
135 144 138
143 138 144
138 143 145
146 138 145
138 146 137
146 141 137
142 137 141
141 139 142
139 141 140
148 140 141
140 148 147
141 146 148
144 135 149
137 142 136
399 390 404
390 392 391
392 390 393
390 399 393
398 393 399
393 398 400
401 393 400
393 401 392
401 396 392
397 392 396
396 394 397
394 396 395
403 395 396
395 403 402
396 401 403
392 397 391
180 182 181
182 180 183
180 189 183
188 183 189
183 188 190
191 183 190
183 191 182
191 186 182
187 182 186
186 184 187
184 186 185
193 185 186
185 193 192
186 191 193
189 180 194
182 187 181
384 375 389
375 377 376
377 375 378
375 384 378
383 378 384
378 383 385
386 378 385
378 386 377
386 381 377
382 377 381
381 379 382
379 381 380
388 380 381
380 388 387
381 386 388
377 382 376
195 197 196
197 195 198
195 204 198
203 198 204
198 203 205
206 198 205
198 206 197
206 201 197
202 197 201
201 199 202
199 201 200
208 200 201
200 208 207
201 206 208
204 195 209
197 202 196
339 330 344
330 332 331
332 330 333
330 339 333
338 333 339
333 338 340
341 333 340
333 341 332
341 336 332
337 332 336
336 334 337
334 336 335
343 335 336
335 343 342
336 341 343
332 337 331
225 227 226
227 225 228
225 234 228
233 228 234
228 233 235
236 228 235
228 236 227
236 231 227
232 227 231
231 229 232
229 231 230
238 230 231
230 238 237
231 236 238
234 225 239
227 232 226
320 311 329
311 313 312
313 311 314
311 320 314
319 314 320
314 319 321
326 314 321
314 326 313
326 317 313
318 313 317
317 315 318
315 317 316
328 316 317
316 328 327
317 326 328
313 318 312
240 242 241
242 240 243
240 249 243
248 243 249
243 248 250
251 243 250
243 251 242
251 246 242
247 242 246
246 244 247
244 246 245
253 245 246
245 253 252
246 251 253
249 240 254
242 247 241
309 300 325
300 302 301
302 300 303
300 309 303
308 303 309
303 308 310
322 303 310
303 322 302
322 306 302
307 302 306
306 304 307
304 306 305
324 305 306
305 324 323
306 322 324
302 307 301
255 257 256
257 255 258
255 264 258
263 258 264
258 263 265
266 258 265
258 266 257
266 261 257
262 257 261
261 259 262
259 261 260
268 260 261
260 268 267
261 266 268
264 255 269
257 262 256
ATTRIBUTE_COUNT = 0
VERTEXWEIGHT = 0
BONEOBJECT_COUNT = 0
