EXPORTER_V15
MESH_EXPORT
MATERIALGROUP = 2
MATERIAL 0
DIFFUSE 0.588 0.588 0.588 1
AMBIENT 0.588 0.588 0.588 1
SPECULAR 0.9 0.9 0.9 1
EMISSIVE 0.588 0.588 0.588 0
POWER 0.0
TEXTURE_DIR_PATH texture/map
TEXTURE  
SPECULAR_TEXTURE  
BUMP_TEXTURE  
MATERIAL 1
DIFFUSE 0.588 0.588 0.588 1
AMBIENT 0.588 0.588 0.588 1
SPECULAR 0.9 0.9 0.9 1
EMISSIVE 0.588 0.588 0.588 0
POWER 0.0
TEXTURE_DIR_PATH texture/map
TEXTURE ../media/texture/map/Grass01_2_T.tga
SPECULAR_TEXTURE  
BUMP_TEXTURE  
GEOMOBJECT_COUNT = 1
MESH_NAME = Grass02
MATERIAL_COUNT = 1
MATERIAL_ID = 1
VERTEX = 559
44.2874 42.2959 -54.2148
55.4047 38.2635 -62.8947
59.2152 39.0945 -59.3301
47.5364 41.9269 -50.3873
31.9651 42.134 -43.5843
35.8238 38.8488 -40.2138
20.6092 33.4215 -32.5795
24.1988 29.9897 -29.0944
12.261 18.7937 -23.0861
15.518 16.0888 -19.7116
6.0778 7.8124 -16.5117
9.8326 4.7241 -12.585
4.9841 -2.7864 -11.6825
8.184 -2.7819 -9.4412
23.1247 42.3933 -40.9277
27.4748 35.0155 -46.3872
30.3152 35.9412 -44.718
25.4356 41.1173 -38.7841
8.1307 35.8777 -19.4401
16.8863 45.4543 -32.4189
19.4968 44.197 -30.5413
10.6856 34.6061 -17.5382
1.7933 20.164 -9.0147
4.7066 17.7177 -7.5402
-2.6382 8.311 -2.2343
0.6978 7.0541 -0.7998
-2.9055 -2.7844 0.3808
0.0479 -2.7831 1.4692
50.8518 43.44 -46.3054
62.2613 38.8563 -54.9734
37.9984 43.8243 -35.6184
26.2393 34.9826 -24.5831
17.4951 20.1145 -15.6053
11.7997 8.9174 -8.2829
9.5424 -2.7822 -5.478
28.428 43.9839 -36.7782
32.8576 36.1991 -42.5112
13.1772 37.3747 -14.8948
22.1159 47.5291 -28.0325
6.5137 21.1549 -4.7177
2.51 9.0298 2.4754
1.7191 -2.7831 4.3684
6.2271 69.578 -54.6415
5.7343 81.2086 -70.782
10.0598 82.8922 -69.9971
10.6096 69.6019 -54.6435
4.9548 55.4807 -43.0051
9.2919 55.3208 -42.7909
4.7866 37.427 -34.7449
8.8385 36.4575 -35.3638
3.0397 21.8023 -27.2927
6.7912 20.8657 -27.7914
5.3284 9.0328 -23.0731
1.6369 10.0231 -22.6998
14.3188 82.5099 -69.7546
14.7637 70.7315 -53.5109
13.3951 56.382 -41.5391
12.9702 37.9653 -33.1007
10.6377 21.8814 -25.8263
9.4869 9.8511 -21.1241
6.8679 -1.8365 -17.4475
3.9062 -1.8142 -19.3485
6.7016 20.0856 -15.7644
4.4183 18.5779 -17.1188
5.1487 20.9332 -25.591
7.4491 22.5549 -24.3524
2.0678 19.3048 -16.5253
2.7945 21.622 -25.0345
6.0414 15.4075 -10.4438
3.8339 14.1021 -11.8132
1.5542 14.8162 -11.2179
5.3976 10.2434 -6.0749
3.2969 9.0603 -7.4067
1.1046 9.7729 -6.8243
5.3211 4.0379 -1.9105
2.8939 2.6398 -3.3736
0.6265 3.5835 -2.7921
4.2515 -2.7833 -0.4924
2.4059 -2.7838 -1.711
0.5654 -2.7848 -1.0722
0.6358 -1.8168 -18.2112
61.1687 52.2108 -6.3804
69.8934 51.7341 -6.5637
70.2045 51.154 -2.9772
61.6615 51.6514 -2.8313
26.8122 37.3327 -6.2335
43.6436 48.2775 -7.3415
44.7549 45.1197 -2.1604
27.5551 33.4686 -1.1811
16.468 20.4084 -4.872
17.2252 18.6001 0.2326
9.5798 8.6691 -3.4767
10.4393 6.9249 1.6231
7.8522 -2.7792 -0.5487
8.7861 -2.7813 2.9898
61.495 52.0201 0.9695
70.0888 51.4769 0.6056
27.0695 37.6291 3.6659
44.1461 48.3094 2.9081
16.6702 20.723 5.2066
9.8658 8.8258 6.1718
8.2575 -2.7844 6.5577
49.9808 25.7614 -17.2509
55.5147 21.6724 -17.9967
55.7488 21.1666 -15.017
50.5616 24.7743 -14.29
30.4636 21.8996 -12.3304
41.8116 27.2089 -15.5663
42.9562 26.1021 -12.6705
31.4809 20.9578 -9.5313
21.7539 13.0888 -9.2142
22.6292 12.3373 -6.6012
15.8848 5.3748 -7.0439
17.0533 4.2401 -4.0377
14.1448 -2.779 -4.432
15.2783 -2.7806 -2.3596
51.2709 25.9182 -11.4082
56.7868 21.7107 -12.2859
31.5161 22.1229 -6.6213
43.0075 27.4084 -9.6796
22.6985 13.3511 -3.8856
17.0236 5.534 -1.1127
15.1987 -2.7834 -0.0118
56.3438 64.6693 -31.8167
66.6917 65.5572 -36.0872
68.2754 65.6587 -32.6649
58.9384 64.0215 -28.7769
28.2679 48.5739 -20.0318
39.7974 58.8854 -26.0397
43.0364 57.8127 -21.8282
31.0892 47.1135 -15.8028
12.1385 26.3302 -11.0777
20.4417 39.675 -15.8552
23.2933 38.0418 -11.6427
14.5522 23.6712 -6.463
4.3043 10.4682 -5.9355
6.7795 8.2405 -1.3851
2.9864 -2.7825 -2.1663
5.1075 -2.7815 0.8632
59.417 65.184 -24.8207
69.7477 66.0164 -29.1836
31.7508 49.973 -10.5024
43.6506 59.9156 -16.3715
15.4964 27.4129 -1.3036
23.8554 41.2095 -6.2946
7.5873 11.2805 3.6056
5.7123 -2.7833 4.6137
-66.4579 80.6799 -4.2099
-66.8128 80.0044 -0.6617
-76.2768 91.2104 1.2969
-76.1343 91.9337 -2.1819
-38.2008 45.0551 -7.4777
-38.9615 43.2513 -2.4072
-53.1678 64.3079 -1.5699
-51.9123 65.5537 -6.8387
-25.0108 25.2148 -7.291
-25.4324 22.8215 -2.0065
-16.1523 9.9858 -6.3136
-16.5518 8.0583 -1.1775
-13.4332 -2.789 -3.6128
-14.1206 -2.7885 -0.0616
-52.1531 52.1033 -38.8719
-55.2042 51.9652 -36.5051
-62.4598 42.4717 -39.8826
-60.5248 41.9257 -42.6588
-22.9449 48.1552 -22.3829
-25.1085 45.5224 -18.1535
-40.0243 54.6229 -28.2206
-37.4899 56.0465 -32.254
-12.3847 26.2681 -13.9443
-15.4271 23.661 -9.8362
-5.656 12.0532 -7.7861
-8.8407 9.7605 -3.6861
-4.7812 -2.7865 -3.4562
-7.3091 -2.7866 -0.8532
-53.3421 33.5411 -18.7025
-53.8161 32.1489 -15.6658
-59.4011 27.0501 -15.9043
-59.3085 27.8878 -18.9409
-33.0876 27.7605 -14.9017
-33.9814 26.4768 -11.9586
-45.8586 33.5674 -14.5106
-44.8371 34.966 -17.5064
-24.2454 15.7104 -11.8628
-24.9827 14.7419 -9.1314
-18.095 6.3776 -9.7318
-18.9763 5.1063 -6.6375
-15.8877 -2.7929 -6.9748
-16.8225 -2.7929 -4.868
-38.8665 54.5702 -55.3908
-42.937 54.5818 -52.5403
-54.6809 63.983 -65.8856
-50.2027 62.4606 -68.4821
-28.2258 45.8028 -41.4647
-32.9766 45.3579 -39.7104
-19.4223 33.1765 -28.059
-22.8063 32.3846 -25.1363
-13.3808 18.6037 -17.4157
-16.6391 16.6727 -14.4612
-8.5979 7.7334 -10.2253
-13.4486 6.9496 -8.3038
-7.9163 -2.7875 -6.3267
-11.6423 -2.7892 -5.0962
-66.0594 80.3861 3.0968
-75.6408 91.5387 4.7946
-37.4294 45.3816 2.5575
-51.4402 65.5157 3.5599
-24.1455 25.6118 3.0439
-15.1026 10.5176 3.3004
-13.9626 3.82 3.4074
-12.8924 -2.7855 3.3913
-56.2894 52.8837 -33.0845
-64.3469 43.2153 -37.1056
-27.6533 49.8001 -13.6815
-42.729 57.3337 -23.8105
-17.1235 27.4648 -4.9676
-10.2175 12.9321 1.135
-8.3564 -2.7853 2.7291
-47.0148 56.6537 -49.3686
-58.6001 64.6472 -62.4972
-36.0019 47.9504 -35.4673
-26.8806 34.982 -21.9362
-20.3415 19.9932 -11.6676
-16.3032 8.6428 -3.8481
-13.9081 -2.7893 -1.6779
-54.3761 33.5167 -12.676
-60.2859 27.8028 -13.1003
-33.8126 27.9658 -8.9854
-45.7437 35.0709 -11.4361
-24.713 16.2154 -6.4524
-18.612 6.8365 -3.7943
-16.4554 -2.7913 -2.5601
-7.2055 23.4422 -52.7592
-11.2171 23.1698 -51.6543
-11.3803 15.1708 -56.6473
-7.3248 14.2376 -57.0074
-5.7432 26.7006 -44.0528
-9.6051 26.71 -43.0168
-2.6266 23.5972 -30.2504
-6.3106 22.5559 -29.5058
-0.2695 15.6527 -19.2686
-3.9422 14.4534 -18.49
1.3606 6.3742 -10.9688
-2.419 6.4244 -10.4787
-14.9934 24.5454 -50.9164
-15.0393 14.5911 -54.8812
-13.2285 28.3996 -42.1584
-9.7663 25.3267 -28.2807
-7.2097 16.5891 -17.1416
-6.1657 7.0447 -8.5211
-5.1072 -2.7881 -5.4221
-2.1812 -2.7874 -6.9669
-18.8268 19.9686 -26.538
-23.1461 22.5318 -34.2658
-21.6839 20.8011 -36.142
-17.4135 18.4144 -28.5322
-19.3297 21.5335 -36.7542
-15.0501 19.2035 -29.1293
-16.0948 15.2045 -21.4012
-14.7376 13.8937 -23.3808
-12.4009 14.701 -23.9888
-13.7611 10.0421 -16.986
-12.4564 8.879 -18.8879
-10.1883 9.6824 -19.5014
-11.9697 3.8925 -12.2111
-10.4344 2.5201 -14.3147
-7.8058 3.5282 -15.1475
-10.5098 -2.7897 -10.0418
-9.3711 -2.79 -11.9563
-7.1521 -2.7894 -12.328
1.0064 -2.7869 -7.3899
1.0372 -2.7644 -7.4775
1.0064 -2.7869 -7.3899
1.3606 6.3742 -10.9688
-42.2543 60.7346 29.6057
-47.7702 66.5083 33.1074
-48.8799 65.6535 30.6007
-43.6272 60.1188 27.218
-27.2359 34.4421 21.9516
-33.2652 49.1695 25.1686
-37.4169 48.3335 22.5932
-31.3117 34.149 18.6531
-23.4414 22.1539 19.8487
-27.0683 22.7475 16.6167
-18.3065 9.1478 17.0441
-21.9131 9.2773 14.1923
-13.6341 -2.7879 15.5968
-16.5584 -2.8427 13.2063
-40.208 19.7597 11.6198
-44.0789 17.4002 12.8084
-44.3192 16.9034 10.4611
-40.8297 19.1944 9.3185
-26.9925 20.8234 8.0372
-35.0482 21.6507 10.0285
-36.1117 20.9245 7.7144
-28.244 20.0339 5.6047
-19.5602 13.5599 6.7984
-20.722 12.3885 4.4542
-13.6771 5.2918 6.6396
-14.9461 3.9227 4.0527
-11.7641 -2.7841 6.9121
-13.1177 -2.7849 4.4606
-17.2492 28.1754 39.4502
-19.9354 20.3901 44.0394
-22.2221 20.0679 42.1567
-19.3143 26.1402 37.2391
-6.6075 31.5282 20.039
-13.1567 36.3481 32.0602
-16.0743 34.0582 30.2352
-9.8508 29.4268 18.4488
-1.5611 19.3752 11.0166
-4.8768 16.5816 10.1381
2.1076 8.2478 5.7047
-1.574 6.4904 4.9158
1.8951 -2.7837 5.4172
-1.2094 -2.7834 4.6837
-12.74 18.404 12.8263
-11.1307 17.3258 15.1799
-14.563 18.7085 21.9492
-16.1507 19.7416 19.6443
-8.6606 18.4605 15.5958
-12.2136 19.84 22.4936
-10.5316 14.4275 8.9947
-8.9681 13.4037 11.3119
-6.5129 14.4641 11.6468
-8.6359 9.5103 6.1346
-7.1523 8.6 8.3754
-4.7752 9.6449 8.6393
-7.3657 3.5837 3.5341
-5.6789 2.4402 6.09
-3.2509 3.6027 6.2941
-6.2821 -2.7836 4.058
-5.0039 -2.7833 5.905
-3.0461 -2.7835 6.0739
-44.1777 59.2319 24.1004
-49.2523 64.5895 27.668
-32.4007 34.6956 13.542
-37.3779 48.4877 17.5094
-28.3901 22.6267 11.333
-22.6804 9.2071 9.0555
-17.2183 -2.7866 9.2449
-21.9385 26.8101 35.0832
-24.3013 19.4729 39.9264
-12.3011 30.0921 15.7751
-18.4106 34.8932 27.5903
-7.1283 19.3325 7.1495
-3.9108 7.9943 1.5804
-3.1839 -2.784 2.025
-41.2635 19.3997 6.8336
-44.9364 16.844 8.1919
-28.4605 20.8115 2.8004
-36.3094 21.3792 5.037
-20.916 13.6486 1.6741
-15.0227 5.2285 0.9117
-13.005 -2.7855 1.6856
-35.5825 25.9425 42.2265
-40.6821 17.7121 47.9996
-43.1307 17.1977 45.1752
-37.8472 24.438 38.9891
-28.8589 33.1793 34.5894
-31.8251 28.9497 31.7236
-21.3389 30.1794 26.2128
-24.6686 26.0688 23.4899
-15.1054 19.2455 19.5915
-18.4816 15.8157 17.16
-9.8368 8.3663 15.4079
-13.7785 6.1975 12.9411
-8.7047 -2.7839 13.594
-11.768 -2.7842 11.9018
-40.2534 24.1623 35.6693
-45.1583 16.4399 41.9264
-34.0877 31.2601 27.6701
-27.1414 28.6777 19.3176
-20.9667 19.5059 13.1546
-16.1658 8.1653 8.3847
-13.3283 -2.7847 8.5909
-42.0764 26.0308 20.7198
-47.4106 19.3766 23.5441
-48.3083 19.0119 20.8761
-43.638 24.8255 18.2254
-19.9446 30.0792 10.8496
-31.8884 32.1757 16.6912
-34.0547 28.5245 13.0387
-22.4815 25.6379 7.0696
-9.7848 19.9357 7.0786
-12.6608 17.8021 2.9793
-2.7089 8.531 4.9182
-5.5569 6.0303 0.9995
-2.0855 -2.783 4.5439
-4.2213 -2.7835 1.5675
-43.9659 25.1095 15.0977
-49.1151 18.7743 18.2211
-23.7338 28.9185 2.1737
-35.1842 30.7629 8.4869
-13.8071 19.7244 -2.2396
-6.4492 8.4352 -4.4058
-4.8029 -2.7848 -2.105
-15.495 21.3561 32.2519
-13.9425 20.7281 35.1932
-17.6028 35.4682 44.9472
-19.2182 36.4825 41.8212
-11.3966 21.4018 35.7138
-14.9981 36.5778 45.6259
-12.8627 12.4873 26.3709
-11.1879 12.128 28.6843
-8.9768 12.5116 29.5545
-11.3945 7.1352 22.7677
-9.7899 6.6013 24.9224
-7.698 7.2377 25.7629
-10.6909 1.9899 19.4097
-8.888 1.275 21.9054
-6.5182 1.9995 22.7353
-9.924 -3.1658 18.3136
-7.9216 -3.1647 20.2433
-6.065 -3.1661 21.0342
37.7026 18.4519 31.4459
38.8289 17.8999 28.7918
40.4416 14.5217 30.2129
39.3469 14.6892 32.8574
26.2459 20.2277 24.2211
27.9135 19.4847 21.7883
35.5343 20.3666 26.246
34.091 21.1574 28.8078
18.5308 13.1929 20.2351
20.1142 12.1097 17.9611
12.3741 5.1791 17.7227
14.1411 3.8427 15.2405
10.5511 -2.7876 16.1646
12.0522 -2.7873 14.4013
9.5603 31.4893 51.7107
12.3352 29.4297 50.314
13.8292 24.1928 55.9445
11.1155 24.4879 56.9493
2.2911 31.7786 27.4459
5.7615 29.5672 26.2285
9.915 32.851 40.5206
6.7291 36.1495 42.1838
-0.8433 19.4497 16.6209
2.3226 17.3455 15.6529
-3.2707 8.4864 9.9863
0.3471 6.5969 9.9343
-3.3298 -2.7832 8.9926
-0.1695 -2.7834 8.9876
-3.5018 24.8176 71.1806
0.5034 23.2027 70.0982
0.1014 13.3528 76.2072
-3.1867 13.2968 76.8783
-4.4783 26.9461 58.639
-0.2411 25.2639 57.9937
-5.3251 25.5107 44.7211
-1.1688 22.9552 44.4892
-5.6183 15.5306 33.1666
-1.7347 13.7384 32.9863
-5.8938 6.526 25.1539
-2.0807 4.7575 24.9503
4.1666 23.1941 69.3815
3.3196 12.0733 74.2012
3.714 25.1999 57.4851
2.9529 24.0721 43.5818
2.1571 15.0508 32.0654
2.1859 6.2904 23.8627
1.1233 -2.7873 21.3521
-2.057 -2.7865 22.3529
4.5749 18.156 25.2149
7.4585 19.1762 33.1286
5.467 18.1841 35.0556
2.631 17.13 27.238
2.7881 19.5411 35.1499
-0.0299 18.422 27.2978
2.8427 14.3051 20.5596
0.9876 13.331 22.5681
-1.5638 14.5077 22.6118
1.4564 9.5054 16.8737
-0.2752 8.6181 18.8222
-2.6856 9.756 18.854
0.7968 3.6126 13.3751
-1.1431 2.47 15.5671
-3.6077 3.7223 15.5802
-0.0142 -2.7838 12.9064
-1.5175 -2.7836 14.5822
-3.4878 -2.7828 14.4711
15.5521 30.1145 49.1193
16.2732 23.5299 54.4
9.0405 30.337 24.7582
13.398 34.6106 39.5634
5.3903 19.1846 14.113
3.3097 8.087 7.2681
2.2916 -2.7835 6.8256
40.074 18.5762 25.9857
41.8928 14.8497 27.6964
28.6128 20.5354 18.8112
36.3745 21.1889 23.2067
20.7996 13.3965 15.1953
14.8437 5.1856 12.1951
12.39 -2.7866 12.0865
-5.2664 -2.7837 22.2232
49.2677 33.3348 24.6431
50.087 32.46 21.325
53.1248 29.9594 22.5985
52.243 30.9028 25.9161
29.4171 33.6251 18.1866
31.027 29.8826 13.5292
43.0148 31.8366 17.7608
42.216 34.5325 21.5446
17.526 23.8871 15.4677
19.6781 21.7848 10.6964
8.4296 10.1216 13.4896
10.5198 7.5668 8.9112
6.2154 -2.7859 11.9786
7.9125 -2.7853 8.7714
50.9099 32.7212 17.665
54.0446 30.0947 19.2778
31.253 33.1212 8.4843
43.6674 34.1352 13.7426
19.735 24.2371 5.3885
10.6036 10.0227 3.9583
7.7483 -2.7848 5.1333
20.1229 14.9648 62.4396
22.7646 14.1736 59.764
23.1629 7.2345 62.6578
20.8629 7.2423 64.6739
16.4839 20.7176 54.6468
20.4559 19.2526 52.7142
10.1945 20.6776 42.8744
14.857 18.9062 41.0825
5.0211 13.2511 33.0334
9.4189 10.8331 31.3132
0.8157 5.7059 26.4581
5.6275 2.6158 24.454
0.7923 -2.7857 23.4013
4.6124 -2.7867 22.3881
25.5411 14.2397 57.0779
25.1288 6.7276 60.1009
23.558 19.7609 49.0553
18.2429 19.9127 37.289
12.812 13.3958 27.8134
9.2438 5.4849 20.5419
7.1322 -2.7857 19.1025
22.5051 66.099 39.9238
25.3563 65.4403 37.7277
28.9858 76.3076 43.4306
27.1231 76.7144 45.6792
11.5445 35.9393 26.5683
15.8842 34.06 24.5766
21.3116 55.2178 32.2405
18.1675 55.8086 34.2393
5.4112 17.4127 22.5079
9.9507 16.3966 19.8492
2.5766 5.9492 19.7046
6.9578 4.5918 17.1247
4.3542 -2.7888 19.5892
7.2632 -2.7758 17.3751
27.3393 65.0934 33.9069
30.7984 75.9361 40.994
17.3714 35.0466 19.7691
23.1218 55.0725 28.6594
11.9133 17.1586 14.7845
8.8071 5.5263 12.2079
9.0098 -2.7962 14.1051
INDEX = 634
271 273 272
355 357 356
357 355 358
359 358 355
358 359 360
361 360 359
360 361 362
363 362 361
362 363 364
372 360 362
360 372 371
371 358 360
358 371 369
369 357 358
357 369 370
365 364 363
364 365 366
367 366 365
366 367 368
375 366 368
366 375 374
374 364 366
364 374 373
373 362 364
362 373 372
344 305 308
305 344 341
341 304 305
304 341 342
302 304 303
304 302 305
307 305 302
305 307 308
306 308 307
308 306 309
310 309 306
309 310 311
312 311 310
311 312 313
314 313 312
313 314 315
347 313 315
313 347 346
346 311 313
311 346 345
345 309 311
309 345 343
343 308 309
308 343 344
320 318 321
318 320 317
320 323 317
323 320 324
324 326 323
326 324 327
327 329 326
329 327 330
333 329 330
329 333 332
331 329 332
329 331 328
328 326 329
326 328 325
325 323 326
323 325 322
322 317 323
317 322 316
316 318 317
318 316 319
351 291 294
291 351 348
348 290 291
290 348 349
288 290 289
290 288 291
293 291 288
291 293 294
292 294 293
294 292 295
296 295 292
295 296 297
298 297 296
297 298 299
300 299 298
299 300 301
354 299 301
299 354 353
353 297 299
297 353 352
352 295 297
295 352 350
350 294 295
294 350 351
274 276 275
276 274 277
279 277 274
277 279 280
278 280 279
280 278 281
282 281 278
281 282 283
284 283 282
283 284 285
286 285 284
285 286 287
340 285 287
285 340 339
339 283 285
283 339 338
338 281 283
281 338 336
336 280 281
280 336 337
337 277 280
277 337 334
334 276 277
276 334 335
75 79 78
79 75 76
75 73 76
73 75 72
72 70 73
70 72 69
69 66 70
66 69 63
64 66 63
66 64 67
64 62 65
62 64 63
63 68 62
68 63 69
69 71 68
71 69 72
72 74 71
74 72 75
75 77 74
77 75 78
531 519 532
519 531 518
529 528 530
528 529 527
527 526 528
526 527 525
525 524 526
524 525 523
523 522 524
522 523 521
521 518 522
518 521 517
517 519 518
519 517 520
533 518 531
518 533 522
534 522 533
522 534 524
535 524 534
524 535 526
536 526 535
526 536 528
537 528 536
528 537 530
507 508 506
508 507 509
507 516 509
516 507 515
505 515 507
515 505 514
501 514 505
514 501 512
502 512 501
512 502 513
498 496 499
496 498 497
497 503 496
503 497 502
502 500 503
500 502 501
501 504 500
504 501 505
505 506 504
506 505 507
497 513 502
513 497 510
498 510 497
510 498 511
44 55 54
42 44 43
44 42 45
55 44 45
47 55 45
55 47 56
49 56 47
56 49 57
51 57 49
57 51 58
52 58 51
58 52 59
52 60 59
60 52 61
52 80 61
80 52 53
52 50 53
50 52 51
49 50 51
50 49 48
47 48 49
48 47 46
45 46 47
46 45 42
102 104 103
104 102 105
107 105 102
105 107 108
106 108 107
108 106 109
110 109 106
109 110 111
112 111 110
111 112 113
114 113 112
113 114 115
122 113 115
113 122 121
121 111 113
111 121 120
120 109 111
109 120 118
118 108 109
108 118 119
119 105 108
105 119 116
116 104 105
104 116 117
481 431 482
431 481 430
484 430 481
430 484 435
439 438 440
438 439 437
437 434 438
434 437 433
433 435 434
435 433 436
436 430 435
430 436 429
429 431 430
431 429 432
483 435 484
435 483 434
485 434 483
434 485 438
486 438 485
438 486 440
487 440 486
440 487 442
441 440 442
440 441 439
480 476 479
476 480 477
474 476 477
476 474 473
471 473 474
473 471 470
468 470 471
470 468 466
468 465 466
465 468 467
463 465 464
465 463 466
469 466 463
466 469 470
472 470 469
470 472 473
475 473 472
473 475 476
478 476 475
476 478 479
448 455 457
455 448 444
445 455 444
455 445 456
445 443 446
443 445 444
444 447 443
447 444 448
448 449 447
449 448 450
450 451 449
451 450 452
452 453 451
453 452 454
454 495 453
495 454 462
454 461 462
461 454 460
454 459 460
459 454 452
452 458 459
458 452 450
450 457 458
457 450 448
81 83 82
83 81 84
86 84 81
84 86 87
100 90 92
90 100 99
99 88 90
88 99 97
97 87 88
87 97 98
98 84 87
84 98 95
95 83 84
83 95 96
85 87 86
87 85 88
89 88 85
88 89 90
91 90 89
90 91 92
93 92 91
92 93 94
101 92 94
92 101 100
419 421 420
421 419 422
422 416 421
416 422 415
415 417 416
417 415 418
420 492 424
492 420 490
421 490 420
490 421 491
416 491 421
491 416 488
417 488 416
488 417 489
420 423 419
423 420 424
424 425 423
425 424 426
426 427 425
427 426 428
426 494 428
494 426 493
424 493 426
493 424 492
247 241 239
239 246 247
246 239 237
237 244 246
244 237 233
234 244 233
244 234 245
239 240 238
238 237 239
237 238 236
236 233 237
233 236 232
232 234 233
234 232 235
241 247 248
248 243 241
243 248 249
250 243 249
243 250 251
270 243 251
270 242 243
242 241 243
241 242 240
240 239 241
203 149 204
149 203 148
206 148 203
148 206 153
205 153 206
153 205 152
156 157 155
155 152 156
152 155 151
151 153 152
153 151 154
154 148 153
148 154 147
147 149 148
149 147 150
207 152 205
152 207 156
208 156 207
156 208 158
209 158 208
210 158 209
160 158 210
159 158 160
158 159 157
157 156 158
200 201 199
201 200 202
200 224 202
224 200 223
198 223 200
223 198 222
196 222 198
222 196 221
194 221 196
221 194 220
191 189 192
189 191 190
190 193 189
193 190 194
194 195 193
195 194 196
196 197 195
197 196 198
198 199 197
199 198 200
190 220 194
220 190 218
191 218 190
218 191 219
162 214 167
214 162 211
163 211 162
211 163 212
163 161 164
161 163 162
162 168 161
168 162 167
167 165 168
165 167 166
166 169 165
169 166 170
170 171 169
171 170 172
172 173 171
173 172 174
172 217 174
217 172 216
170 216 172
216 170 215
166 215 170
215 166 213
167 213 166
213 167 214
143 133 134
133 143 144
141 133 144
133 141 130
141 129 130
129 141 142
142 126 129
126 142 139
139 125 126
125 139 140
130 132 133
132 130 127
129 127 130
127 129 128
126 128 129
128 126 123
125 123 126
123 125 124
134 145 143
145 134 136
136 146 145
146 136 138
136 137 138
137 136 135
134 135 136
135 134 131
133 131 134
131 133 132
376 378 377
378 376 379
381 379 376
379 381 382
380 382 381
382 380 383
384 383 380
383 384 385
386 385 384
385 386 387
388 387 386
387 388 389
396 387 389
387 396 395
395 385 387
385 395 394
394 383 385
383 394 392
392 382 383
382 392 393
393 379 382
379 393 390
390 378 379
378 390 391
410 414 413
414 410 411
410 408 411
408 410 407
407 405 408
405 407 404
404 401 405
401 404 398
399 401 398
401 399 402
399 397 400
397 399 398
398 403 397
403 398 404
404 406 403
406 404 407
407 409 406
409 407 410
410 412 409
412 410 413
269 265 268
265 269 266
263 265 266
265 263 262
260 262 263
262 260 259
257 259 260
259 257 255
257 254 255
254 257 256
252 254 253
254 252 255
258 255 252
255 258 259
261 259 258
259 261 262
264 262 261
262 264 265
267 265 264
265 267 268
25 41 40
41 25 27
25 26 27
26 25 24
23 24 25
24 23 22
21 22 23
22 21 18
20 18 21
18 20 19
16 35 36
35 16 17
17 38 35
38 17 20
20 37 38
37 20 21
21 39 37
39 21 23
23 40 39
40 23 25
17 19 20
19 17 14
16 14 17
14 16 15
0 2 1
2 0 3
4 3 0
3 4 5
6 5 4
5 6 7
8 7 6
7 8 9
10 9 8
9 10 11
12 11 10
11 12 13
34 11 13
11 34 33
33 9 11
9 33 32
32 7 9
7 32 31
31 5 7
5 31 30
30 3 5
3 30 28
28 2 3
2 28 29
549 550 548
550 549 551
549 558 551
558 549 557
547 557 549
557 547 556
543 556 547
556 543 554
544 554 543
554 544 555
540 538 541
538 540 539
539 545 538
545 539 544
544 542 545
542 544 543
543 546 542
546 543 547
547 548 546
548 547 549
539 555 544
555 539 552
540 552 539
552 540 553
225 177 226
177 225 176
228 176 225
176 228 181
227 181 228
181 227 180
229 180 227
180 229 184
230 184 229
184 230 186
231 186 230
186 231 188
187 186 188
186 187 185
185 184 186
184 185 183
183 180 184
180 183 179
179 181 180
181 179 182
182 176 181
176 182 175
175 177 176
177 175 178
FACE-NORMAL = 634
0.929976 0.102019 0.353182
-0.616362 0.670995 0.412146
-0.712588 0.677069 0.183835
-0.661725 0.740261 0.118887
-0.731899 0.650583 -0.202647
-0.398687 0.689389 -0.604807
-0.392085 0.707266 -0.588255
0.0348356 0.53214 -0.845939
0.048249 0.545626 -0.836639
0.545064 0.817075 0.187866
0.525827 0.831264 0.180293
-0.0316446 0.86065 0.508213
-0.517662 0.79786 0.308943
-0.580131 0.73075 0.359794
-0.69323 0.665151 0.277499
0.194438 0.432692 -0.880325
0.252812 0.489647 -0.834465
0.444823 0.187629 -0.875744
0.473246 0.205068 -0.856729
0.877185 0.244191 -0.413421
0.89958 0.226073 -0.373694
0.834974 0.504592 -0.219559
0.887074 0.437491 -0.147311
0.846034 0.531993 -0.0347823
0.794591 0.599496 -0.0960719
-0.418781 0.691751 0.588305
-0.325451 0.715299 0.618408
-0.350025 0.685033 0.638915
-0.6815 0.543183 0.490419
-0.574427 0.553616 0.602946
-0.795385 0.562894 0.224752
-0.789163 0.579405 0.203742
-0.705104 0.609336 0.362682
-0.320919 0.805686 -0.497877
-0.298097 0.824306 -0.481309
0.00586684 0.597647 -0.801738
-0.180869 0.483924 -0.856215
-0.0977754 0.402301 -0.910271
-0.0252427 0.452936 -0.891186
0.199568 0.0216869 -0.979644
0.229814 0.0333784 -0.972662
0.80195 0.0464347 -0.595584
0.825378 0.0324141 -0.563649
0.812731 0.454599 -0.36443
0.871183 0.392249 -0.295266
0.856738 0.46965 -0.213139
0.63653 0.645002 -0.422849
0.401842 0.904441 -0.143213
0.454777 0.882035 -0.123255
-0.33956 0.873224 -0.349542
-0.341379 0.871857 -0.351178
-0.169632 0.643005 -0.74684
-0.175772 0.642525 -0.745832
-0.0948865 0.492858 -0.86492
-0.121388 0.493645 -0.86115
-0.0442912 0.338178 -0.940039
-0.0849872 0.341822 -0.935914
0.0663394 0.036509 -0.997129
0.0858634 0.0463434 -0.995228
0.815793 0.125415 -0.564582
0.850678 0.102344 -0.515628
0.845989 0.351207 -0.401193
0.838665 0.359335 -0.409292
0.800871 0.502164 -0.326246
0.804753 0.498085 -0.32293
0.743609 0.630227 -0.22329
0.745705 0.628162 -0.222119
0.484979 0.871893 0.0678101
0.475434 0.877293 0.0657226
-0.283812 0.941665 0.180879
-0.325363 0.936027 0.134133
-0.50517 0.848381 0.158282
-0.535517 0.835403 0.123788
-0.543358 0.830848 -0.120222
-0.559902 0.826934 -0.0518727
-0.375018 0.91864 -0.124346
-0.376361 0.919245 -0.115508
0.0214573 0.951043 -0.308313
0.0217888 0.947584 -0.318762
0.560211 0.658858 -0.502065
0.538423 0.616226 -0.574775
0.663922 0.483367 -0.570583
0.661276 0.47856 -0.577663
0.841254 0.182098 -0.50905
0.856838 0.204788 -0.473171
0.963456 0.265001 0.039071
0.964702 0.250677 0.0806869
0.812764 0.544718 0.206633
0.811987 0.55084 0.19301
0.708789 0.659789 0.249593
0.692605 0.707082 0.142595
0.174959 0.952171 0.250519
0.115943 0.980613 0.157975
0.481161 0.742406 -0.466172
0.480548 0.741878 -0.467644
0.580545 0.642921 -0.49962
0.379559 0.504369 -0.775595
0.438564 0.359467 -0.823678
0.547569 0.434346 -0.715201
0.584792 0.308937 -0.750051
0.652534 0.36178 -0.665818
0.646217 0.395829 -0.652475
0.587513 0.35567 -0.726862
0.594296 0.322009 -0.736969
0.595368 0.322891 -0.735716
0.900747 0.409691 -0.144247
0.9019 0.408523 -0.140303
0.915692 0.375989 -0.141918
0.880881 0.413797 -0.229827
0.897064 0.375484 -0.232999
0.927301 0.337703 -0.161461
0.893574 0.42487 -0.144952
0.94207 0.334966 0.0173875
0.887831 0.459701 0.0207548
0.708372 0.636047 -0.306027
0.584294 0.747559 -0.315841
0.555921 0.756271 -0.344972
0.317209 0.251746 0.914332
0.334549 0.242714 0.910586
0.399667 0.478489 0.781866
0.367344 0.47809 0.797802
0.380705 0.587878 0.713767
0.371785 0.588139 0.71824
0.377394 0.688758 0.619021
0.370389 0.689478 0.622441
0.347295 0.895338 0.278848
0.329185 0.903585 0.274174
-0.62601 0.76223 0.164675
-0.60923 0.776016 0.163213
-0.662222 0.601563 0.446749
-0.644648 0.61785 0.450211
-0.650652 0.53611 0.537809
-0.646091 0.540138 0.539275
-0.643736 0.431879 0.631731
-0.635632 0.438854 0.635121
-0.601903 0.251923 0.757791
-0.52703 0.292072 0.798081
0.796305 0.187699 0.575036
0.654103 0.322817 0.68406
-0.236457 0.385489 -0.8919
-0.171454 0.334105 -0.92681
0.0721067 0.61933 -0.781812
0.0516581 0.639593 -0.766976
0.135009 0.725585 -0.674758
0.0584708 0.781829 -0.620745
0.292665 0.94118 -0.168903
0.276579 0.949056 -0.150987
0.482684 0.777896 0.40236
0.55007 0.773715 0.314306
0.72157 0.301357 0.623314
0.635169 0.270209 0.723566
0.41189 0.79501 0.445316
0.396572 0.801506 0.44757
-0.0963666 0.993749 0.0563516
-0.209461 0.975179 0.0717821
-0.527063 0.810548 -0.255375
-0.703153 0.688513 -0.177558
-0.747523 0.599696 -0.285611
-0.763148 0.583659 -0.277394
-0.79973 0.295167 -0.522788
-0.741369 0.356678 -0.568464
-0.843034 0.202928 -0.498111
-0.861609 0.223163 -0.455882
-0.968927 0.243445 0.0437644
-0.969724 0.224916 0.095118
-0.830109 0.505023 0.236371
-0.829645 0.510148 0.2268
-0.601504 0.727647 0.329732
-0.624537 0.669646 0.401905
-0.309321 0.806492 0.503875
-0.259431 0.855851 0.447453
0.643932 0.763698 -0.046013
0.645357 0.76274 -0.041742
0.24502 0.950689 -0.190145
0.200164 0.817422 -0.540144
0.090156 0.820006 -0.565209
0.0850393 0.790837 -0.60609
-0.383138 0.650852 -0.655436
-0.408452 0.752942 -0.515989
-0.66995 0.518995 -0.530858
-0.653876 0.493222 -0.573741
-0.295473 0.84915 0.437766
0.137538 0.985309 0.101241
0.576635 0.79545 0.186416
0.57096 0.798526 0.190686
0.0392997 0.809456 0.585865
-0.38802 0.742084 0.546582
-0.00382297 0.756009 0.65455
-0.358731 0.699364 0.618225
-0.358707 0.615521 0.701757
-0.371279 0.615455 0.695246
-0.354972 0.349874 0.866939
-0.545769 0.359416 0.756939
-0.549137 0.422347 0.721159
-0.498422 0.41623 0.760479
-0.498341 0.373571 0.782369
-0.453057 0.3618 0.814764
-0.453085 0.358311 0.816289
-0.506432 0.338691 0.792979
0.315996 0.270798 0.909294
0.183304 0.334893 0.924254
0.184004 0.337976 0.922992
0.206876 0.3402 0.917315
0.21873 0.402901 0.888723
0.2308 0.397727 0.888
0.223153 0.352471 0.908827
-0.0295445 0.416101 0.908838
-0.0143953 0.639367 0.768767
-0.00311945 0.636747 0.771067
0.599607 0.79545 0.0879193
0.578624 0.801012 0.15354
0.221556 0.937306 0.269018
0.221208 0.936915 0.270662
-0.276175 0.856296 0.436445
-0.282966 0.873263 0.396663
-0.556251 0.705301 0.439472
-0.569213 0.719637 0.397642
-0.669853 0.623207 0.403621
-0.646517 0.595983 0.476255
-0.835461 0.321138 0.445956
-0.831416 0.318954 0.45499
-0.970804 0.237643 -0.032631
-0.97465 0.20078 -0.0987136
-0.834004 0.50141 -0.230272
-0.82527 0.535649 -0.178911
-0.717 0.658846 -0.227666
-0.720745 0.646501 -0.250126
-0.459492 0.826452 -0.325335
-0.466574 0.813453 -0.347279
0.0742475 0.91341 -0.400212
0.0850181 0.918737 -0.385609
0.476615 0.770559 -0.423175
0.53062 0.769682 -0.35501
0.545835 0.559781 0.623465
0.0894084 0.741024 0.665499
-0.03173 0.901618 0.431368
-0.330513 0.862587 0.383021
0.211202 0.428562 -0.87848
0.0723409 0.504612 -0.86031
0.174363 0.61581 -0.768359
0.136741 0.633733 -0.76137
0.427373 0.846078 -0.318599
0.55862 0.734157 -0.385949
0.732153 0.678817 0.0562094
0.641966 0.746625 0.174442
0.667558 0.62519 0.404356
0.332414 0.611246 0.718247
-0.472626 0.873966 -0.113171
-0.283689 0.949271 -0.135664
-0.423856 0.694116 -0.581849
-0.615958 0.607404 -0.501654
-0.608383 0.496134 -0.619453
-0.714094 0.426564 -0.555079
-0.691676 0.0939292 -0.716074
-0.655864 0.111471 -0.746604
-0.00156779 0.1005 -0.994936
0.0314549 0.0876273 -0.995657
0.0554498 0.180159 -0.982073
0.0806339 0.168968 -0.982318
0.218609 0.439351 -0.87131
0.194866 0.437316 -0.877942
0.254954 0.562055 -0.786824
0.245648 0.561963 -0.789845
0.302415 0.680503 -0.667428
0.314802 0.679035 -0.663183
0.415918 0.868998 -0.268056
0.426603 0.861342 -0.275862
-0.418045 0.90774 0.0353055
-0.436098 0.89914 0.0369667
-0.673553 0.672843 -0.305957
-0.679636 0.667619 -0.30394
-0.734253 0.533993 -0.419194
-0.739498 0.529012 -0.41628
-0.769618 0.387457 -0.507508
-0.782608 0.373967 -0.497668
-0.777032 0.143431 -0.612902
-0.73282 0.17547 -0.657408
0.0371377 0.985633 0.16477
0.0347307 0.985566 0.16569
0.165765 0.514882 0.841082
0.586003 0.284237 0.758821
0.172328 0.440458 0.881079
0.402032 0.470691 0.785379
0.399534 0.90842 0.123065
0.383073 0.914221 0.132116
0.350984 0.929022 -0.117168
0.508049 0.842536 -0.178939
0.391294 0.691507 -0.607213
0.310805 0.73422 -0.603591
0.260459 0.637359 -0.725214
0.257557 0.63879 -0.724991
0.0906407 0.30459 -0.948161
0.0384652 0.325412 -0.94479
-0.285196 0.311224 -0.906534
-0.332239 0.287348 -0.898359
-0.396226 0.626854 -0.670865
-0.373195 0.626584 -0.684191
-0.380755 0.740517 -0.553769
-0.329566 0.744637 -0.580433
-0.273898 0.959703 -0.0628548
-0.00566931 0.985748 -0.168132
0.0571385 0.986327 0.154578
0.0599977 0.987273 0.14728
-0.224826 0.957233 0.182094
-0.28387 0.790509 0.542691
-0.840826 0.45351 -0.295533
-0.840911 0.457491 -0.289086
-0.794035 0.522047 -0.311408
-0.77725 0.436835 -0.452833
-0.471366 0.645321 -0.601145
-0.472448 0.719249 -0.509385
-0.323531 0.782831 -0.53151
-0.219097 0.970176 -0.10371
0.0562685 0.993985 -0.0939569
0.0591399 0.994389 -0.0877092
-0.43563 0.724067 0.534746
-0.430705 0.685193 0.587369
-0.731377 0.485545 0.478888
-0.765898 0.561834 0.31264
-0.806769 0.509041 0.300001
-0.805943 0.505188 0.308611
-0.951991 0.202399 0.229668
-0.947972 0.196708 0.250311
-0.97858 0.146279 -0.144854
-0.975678 0.129271 -0.177036
0.0432702 0.963395 -0.26457
0.0448157 0.961388 -0.271521
0.565509 0.822192 0.0648027
0.565361 0.821955 0.0689676
0.829562 0.500335 0.247975
0.822809 0.476029 0.310454
-0.715825 0.683934 0.140813
-0.694013 0.714425 0.0891214
-0.262733 0.927577 0.265654
-0.196813 0.958771 0.204993
0.382342 0.859851 0.338334
0.341805 0.867751 0.360801
0.719311 0.531542 0.447275
0.689254 0.551893 0.469408
-0.41711 0.749076 -0.514689
-0.375463 0.707666 -0.598528
-0.506084 0.586934 -0.631971
-0.491343 0.571345 -0.65738
-0.700078 0.28799 -0.653416
-0.724835 0.30647 -0.617001
-0.939679 0.313408 -0.137033
-0.951545 0.294092 -0.0898467
-0.818664 0.570825 0.0628378
-0.818631 0.570882 0.0627382
0.658414 0.666876 0.348951
0.628772 0.777439 0.0152804
0.448183 0.879312 0.161069
0.294235 0.8515 -0.43402
0.241619 0.881227 -0.406276
0.026924 0.528925 -0.848241
-0.452179 0.331838 -0.8279
-0.103971 0.795095 0.597507
-0.194053 0.923383 0.331221
0.0577901 0.976725 0.206563
-0.0949375 0.927209 -0.362312
-0.152593 0.933731 -0.323823
-0.259933 0.515122 -0.816752
0.0157586 0.418831 -0.907927
0.611302 0.68473 0.396805
0.608809 0.615233 0.500839
0.439501 0.628071 0.642157
0.480079 0.310283 0.820517
0.44072 0.32967 0.834915
0.122861 0.356289 0.926263
0.124787 0.356847 0.925791
0.0995621 0.712218 0.694862
-0.0567466 0.660074 0.749054
-0.128184 0.785558 0.605365
0.729271 0.656091 -0.194187
0.728011 0.651918 -0.212137
0.700507 0.682143 -0.209693
0.687901 0.619842 -0.37761
0.750254 0.541003 -0.380047
0.7335 0.51262 -0.446316
0.81917 0.495084 0.289573
0.79173 0.530251 0.30331
0.791251 0.528918 0.306866
0.79488 0.524127 0.305706
0.79404 0.521391 0.312494
0.724716 0.611637 0.317313
0.723485 0.66126 0.198253
0.765974 0.61311 0.193337
0.762494 0.626516 0.161496
0.749306 0.492591 -0.4426
0.745404 0.484647 -0.457701
0.770597 0.454063 -0.447222
0.761881 0.431156 -0.483365
0.913733 0.149491 -0.377816
0.913636 0.148946 -0.378265
0.927755 0.173981 -0.330154
0.954758 0.233009 0.184778
0.957232 0.238402 0.163925
0.822207 0.508903 0.254937
0.295927 0.348704 0.889288
0.293874 0.347751 0.890341
0.78997 0.318986 0.523636
0.854599 0.26394 0.44721
0.81035 0.479327 0.337013
0.759671 0.529941 0.376911
0.75867 0.542683 0.360438
0.697412 0.58646 0.411924
0.63857 0.739578 0.212728
0.743073 0.656751 0.128535
0.410064 0.893427 0.183399
0.271038 0.882896 0.383449
0.258479 0.894216 0.365468
0.113013 0.846249 0.520664
0.15716 0.768333 0.620456
0.268598 0.804936 0.529086
0.409071 0.642692 0.647771
0.298846 0.61378 0.730729
0.298234 0.6144 0.730458
0.220353 0.572451 0.789775
0.66594 0.745759 0.0191569
0.520681 0.845699 0.11698
0.526772 0.840258 0.128366
0.356828 0.903992 0.235524
0.105104 0.874672 -0.473183
-0.112824 0.950075 -0.290909
-0.663114 0.643078 -0.383055
-0.526379 0.661065 -0.534714
-0.557176 0.650404 -0.516265
-0.504961 0.60496 -0.61566
-0.180609 0.967613 -0.176369
-0.260158 0.950144 0.171885
0.18763 0.883284 0.429656
0.115207 0.815786 0.566763
0.583094 0.521504 0.622925
0.518028 0.494851 0.697689
0.484443 0.530628 0.695521
0.494116 0.536725 0.683941
0.69797 0.238198 0.675352
0.696789 0.237841 0.676695
0.944575 0.177637 0.276086
0.972667 0.13438 0.189369
0.906654 0.421476 -0.0183511
0.905616 0.423813 -0.0155721
0.914107 0.405469 0.00171857
0.890018 0.449454 0.0765409
0.638833 0.704124 -0.310002
0.533944 0.826072 -0.180303
-0.867903 0.4639 -0.177598
-0.868789 0.460696 -0.18156
-0.776147 0.574925 -0.258955
-0.787202 0.578447 -0.213806
-0.713753 0.649769 -0.261451
-0.683605 0.703545 -0.194186
-0.451845 0.848308 -0.276061
-0.409718 0.887427 -0.211198
-0.264561 0.933439 -0.242279
-0.104431 0.992848 -0.0578496
-0.469658 0.668206 0.576994
-0.478473 0.680984 0.554369
-0.403557 0.747649 0.527411
-0.411207 0.756273 0.508881
-0.18945 0.906771 0.376664
-0.193495 0.912793 0.359677
-0.0616067 0.964165 0.258052
-0.0820427 0.996593 0.00840806
-0.905354 0.404918 -0.12797
-0.901722 0.418378 -0.108894
-0.987607 0.137139 0.076319
-0.971234 0.179298 0.156706
-0.796364 0.234525 0.557496
-0.800313 0.236342 0.551036
-0.626177 0.509602 0.590092
-0.614068 0.500992 0.609859
-0.556688 0.559831 0.613749
-0.563931 0.566126 0.601235
-0.736647 0.657568 0.157974
-0.738406 0.658817 0.143932
-0.535667 0.84142 -0.0712254
-0.518346 0.738646 -0.430952
-0.181516 0.747225 -0.639302
-0.184355 0.695971 -0.694002
0.244695 0.543578 -0.802899
0.326153 0.725267 -0.60631
0.578291 0.4833 -0.657267
0.557948 0.453582 -0.694952
0.787526 0.0636719 -0.612984
0.809503 0.0852326 -0.580896
0.9782 0.138245 -0.154963
0.986533 0.122537 -0.108337
0.859339 0.504678 0.0826803
0.839062 0.5438 0.0160052
0.651271 0.747243 0.132188
0.715565 0.651038 0.253211
0.420443 0.799818 0.428392
0.333134 0.87622 0.348226
-0.0933961 0.88407 0.457927
-0.466688 0.875054 0.128383
-0.740687 0.657657 0.137368
-0.725673 0.669023 0.160645
0.360326 0.394832 -0.845147
0.223513 0.322511 -0.919798
0.136989 0.518642 -0.843946
0.183668 0.507837 -0.841646
0.134491 0.599725 -0.788823
0.206803 0.585739 -0.783672
0.203117 0.594377 -0.778113
0.00309213 0.604112 -0.796894
0.0229095 0.555654 -0.831098
-0.0134588 0.544547 -0.838623
0.858295 0.408084 -0.311123
0.831241 0.435256 -0.34582
0.82018 0.464709 -0.333693
0.712917 0.553863 -0.430099
0.734013 0.50618 -0.452777
0.753067 0.489637 -0.439483
0.775741 0.415853 -0.474651
0.794564 0.395501 -0.460703
0.818738 0.23332 -0.524623
0.639522 0.387728 -0.663837
0.14934 0.426174 0.892229
0.126227 0.41515 0.900953
0.032092 0.585499 0.810037
0.0114631 0.586228 0.810065
-0.0300583 0.658855 0.751669
-0.0320493 0.658825 0.751613
-0.0757309 0.730416 0.678791
-0.0724533 0.730684 0.67886
-0.200099 0.897203 0.393684
-0.183273 0.906679 0.379926
0.677178 0.722607 -0.138817
0.647039 0.751751 -0.127324
0.803605 0.584083 0.114308
0.780742 0.611038 0.13067
0.816403 0.54125 0.201329
0.804047 0.555551 0.21183
0.836041 0.467073 0.287886
0.82887 0.475518 0.294716
0.852452 0.320365 0.413149
0.798262 0.370688 0.474729
-0.898429 0.127489 0.420204
-0.85377 0.16992 0.492143
-0.336388 0.232701 0.91252
-0.312101 0.225064 0.923006
-0.136683 0.565495 0.813347
-0.0169769 0.501243 0.86514
-0.00597705 0.510984 0.859569
-0.259791 0.604431 0.753108
-0.0277655 0.813355 0.581105
-0.0268623 0.812944 0.581721
0.439244 0.68123 -0.585655
-0.162101 0.673724 -0.720985
-0.348585 0.753727 -0.557121
-0.395034 0.730212 -0.55744
-0.772515 0.633999 -0.0355767
-0.740439 0.672096 -0.00601013
-0.827227 0.5003 0.255726
-0.914315 0.389467 0.111101
-0.917069 0.378032 0.126789
-0.866496 0.455221 0.204837
0.443024 0.896372 -0.0157139
0.466278 0.88432 0.0237315
0.600709 0.777874 -0.184555
0.210027 0.658567 -0.722619
0.0928933 0.943134 -0.319171
0.187898 0.980034 -0.0650159
0.0403166 0.997266 0.0619209
0.239428 0.817933 0.523124
0.0630328 0.749798 0.658658
0.0674569 0.744771 0.663902
-0.176112 0.60464 0.776785
-0.22985 0.639008 0.734056
-0.274935 0.603099 0.748788
-0.279486 0.606554 0.744298
-0.48117 0.404105 0.777929
-0.519804 0.424641 0.741271
-0.894635 0.324938 0.306664
-0.950119 0.233016 0.207311
-0.898412 0.438826 -0.0169369
-0.893743 0.448482 -0.00935928
-0.866245 0.494948 -0.0681538
-0.883651 0.456175 -0.10519
-0.74653 0.587417 -0.312465
-0.73797 0.602776 -0.303417
-0.576431 0.675975 -0.459113
-0.159617 0.960838 -0.226525
-0.0240385 0.943588 -0.33025
0.275326 0.951028 -0.140504
-0.527002 -0.0960578 -0.844418
-0.604679 -0.0520762 -0.794765
-0.880981 -0.0524997 -0.47023
-0.923853 -0.106319 -0.367685
-0.910978 0.297013 -0.286185
-0.901818 0.307958 -0.303126
-0.882668 0.373028 -0.285916
-0.916126 0.339114 -0.213811
-0.922612 0.316523 -0.220453
-0.803554 0.418602 -0.423171
-0.580014 0.568594 -0.583339
-0.438251 0.528076 -0.727373
-0.415982 0.567754 -0.710362
-0.372501 0.549012 -0.748218
-0.419313 0.44522 -0.791174
-0.242165 0.38475 -0.890687
-0.289842 0.295466 -0.910325
-0.409548 0.361726 -0.837511
-0.426841 0.313021 -0.848425
-0.412184 0.302825 -0.859303
-0.756108 0.515552 -0.403121
-0.731055 0.53164 -0.427688
-0.75852 0.482933 -0.437519
-0.623197 0.557387 -0.548584
-0.628562 0.678362 -0.38044
-0.601076 0.67817 -0.422839
-0.0999346 0.89759 -0.429356
-0.0965886 0.895557 -0.434337
0.529056 0.754347 -0.388665
0.531396 0.744982 -0.403262
0.782244 0.538109 -0.3139
0.780217 0.511581 -0.359926
0.831355 0.447345 -0.329743
0.829829 0.423116 -0.363809
0.954656 0.18382 -0.234182
0.961575 0.227886 -0.153108
0.865387 0.321972 0.383978
0.867024 0.3228 0.379564
0.711605 0.555063 0.430724
0.722604 0.566616 0.395967
0.677549 0.616275 0.401413
0.656497 0.597761 0.460101
0.378356 0.800846 0.464211
0.372411 0.785777 0.493826
-0.213589 0.911103 0.352522
-0.204664 0.901491 0.38135
-0.662247 0.7149 0.224381
-0.680823 0.711132 0.175417
TEXTURE-VERTEX = 559
0.00289917 0.191895
0.00289917 0.00649643
0.125488 0.00649643
0.125488 0.191895
0.00289917 0.398193
0.125488 0.398193
0.00289917 0.587402
0.125488 0.587402
0.00289917 0.721191
0.125488 0.721191
0.00289917 0.861328
0.125488 0.861328
0.00289917 0.99707
0.125488 0.99707
0.252686 0.133423
0.252686 0.00649643
0.375244 0.00649643
0.375244 0.133423
0.252686 0.587402
0.252686 0.377441
0.375244 0.377441
0.375244 0.587402
0.252686 0.721191
0.375244 0.721191
0.252686 0.861328
0.375244 0.861328
0.252686 0.99707
0.375244 0.99707
0.246948 0.191895
0.246948 0.00649643
0.246948 0.398193
0.246948 0.587402
0.246948 0.721191
0.246948 0.861328
0.246948 0.99707
0.497803 0.133423
0.497803 0.00649643
0.497803 0.587402
0.497803 0.377441
0.497803 0.721191
0.497803 0.861328
0.497803 0.99707
0.00289917 0.191895
0.00289917 0.00649643
0.125488 0.00649643
0.125488 0.191895
0.00289917 0.398193
0.125488 0.398193
0.00289917 0.587402
0.125488 0.587402
0.00289917 0.721191
0.125488 0.721191
0.125488 0.861328
0.00289917 0.861328
0.246948 0.00649643
0.246948 0.191895
0.246948 0.398193
0.246948 0.587402
0.246948 0.721191
0.246948 0.861328
0.246948 0.99707
0.125488 0.99707
0.246948 0.294922
0.125488 0.294922
0.125488 0.00649643
0.246948 0.00649643
0.00289917 0.294922
0.00289917 0.00649643
0.246948 0.587402
0.125488 0.587402
0.00289917 0.587402
0.246948 0.721191
0.125488 0.721191
0.00289917 0.721191
0.246948 0.861328
0.125488 0.861328
0.00289917 0.861328
0.246948 0.99707
0.125488 0.99707
0.00289917 0.99707
0.00289917 0.99707
0.00289917 0.133423
0.00289917 0.00649643
0.125488 0.00649643
0.125488 0.133423
0.00289917 0.587402
0.00289917 0.377441
0.125488 0.377441
0.125488 0.587402
0.00289917 0.721191
0.125488 0.721191
0.00289917 0.861328
0.125488 0.861328
0.00289917 0.99707
0.125488 0.99707
0.246948 0.133423
0.246948 0.00649643
0.246948 0.587402
0.246948 0.377441
0.246948 0.721191
0.246948 0.861328
0.246948 0.99707
0.252686 0.133423
0.252686 0.00649643
0.375244 0.00649643
0.375244 0.133423
0.252686 0.587402
0.252686 0.377441
0.375244 0.377441
0.375244 0.587402
0.252686 0.721191
0.375244 0.721191
0.252686 0.861328
0.375244 0.861328
0.252686 0.99707
0.375244 0.99707
0.497803 0.133423
0.497803 0.00649643
0.497803 0.587402
0.497803 0.377441
0.497803 0.721191
0.497803 0.861328
0.497803 0.99707
0.252686 0.133423
0.252686 0.00649643
0.375244 0.00649643
0.375244 0.133423
0.252686 0.525879
0.252686 0.377441
0.375244 0.377441
0.375244 0.526855
0.252686 0.721191
0.252686 0.623535
0.375244 0.621582
0.375244 0.721191
0.252686 0.861328
0.375244 0.861328
0.252686 0.99707
0.375244 0.99707
0.497803 0.133423
0.497803 0.00649643
0.497803 0.525879
0.497803 0.377441
0.497803 0.721191
0.497803 0.622559
0.497803 0.861328
0.497803 0.99707
0.00289917 0.133423
0.125488 0.133423
0.125488 0.00649643
0.00289917 0.00649643
0.00289917 0.587402
0.125488 0.587402
0.125488 0.377441
0.00289917 0.377441
0.00289917 0.721191
0.125488 0.721191
0.00289917 0.861328
0.125488 0.861328
0.00289917 0.99707
0.125488 0.99707
0.252686 0.133423
0.375244 0.133423
0.375244 0.00649643
0.252686 0.00649643
0.252686 0.587402
0.375244 0.587402
0.375244 0.377441
0.252686 0.377441
0.252686 0.721191
0.375244 0.721191
0.252686 0.861328
0.375244 0.861328
0.252686 0.99707
0.375244 0.99707
0.252686 0.133423
0.375244 0.133423
0.375244 0.00649643
0.252686 0.00649643
0.252686 0.587402
0.375244 0.587402
0.375244 0.377441
0.252686 0.377441
0.252686 0.721191
0.375244 0.721191
0.252686 0.861328
0.375244 0.861328
0.252686 0.99707
0.375244 0.99707
0.00289917 0.191895
0.125488 0.191895
0.125488 0.00649643
0.00289917 0.00649643
0.00289917 0.398193
0.125488 0.398193
0.00289917 0.587402
0.125488 0.587402
0.00289917 0.721191
0.125488 0.721191
0.00289917 0.861328
0.125488 0.861328
0.00289917 0.99707
0.125488 0.99707
0.246948 0.133423
0.246948 0.00649643
0.246948 0.587402
0.246948 0.377441
0.246948 0.721191
0.246948 0.861328
0.246948 0.934082
0.246948 0.99707
0.497803 0.133423
0.497803 0.00649643
0.497803 0.587402
0.497803 0.377441
0.497803 0.721191
0.497803 0.861328
0.497803 0.99707
0.246948 0.191895
0.246948 0.00649643
0.246948 0.398193
0.246948 0.587402
0.246948 0.721191
0.246948 0.861328
0.246948 0.99707
0.497803 0.133423
0.497803 0.00649643
0.497803 0.587402
0.497803 0.377441
0.497803 0.721191
0.497803 0.861328
0.497803 0.99707
0.00289917 0.191895
0.125488 0.191895
0.125488 0.00649643
0.00289917 0.00649643
0.00289917 0.398193
0.125488 0.398193
0.00289917 0.587402
0.125488 0.587402
0.00289917 0.721191
0.125488 0.721191
0.00289917 0.861328
0.125488 0.861328
0.246948 0.191895
0.246948 0.00649643
0.246948 0.398193
0.246948 0.587402
0.246948 0.721191
0.246948 0.861328
0.246948 0.99707
0.125488 0.99707
0.246948 0.294922
0.246948 0.00649643
0.125488 0.00649643
0.125488 0.294922
0.00289917 0.00649643
0.00289917 0.294922
0.246948 0.587402
0.125488 0.587402
0.00289917 0.587402
0.246948 0.721191
0.125488 0.721191
0.00289917 0.721191
0.246948 0.861328
0.125488 0.861328
0.00289917 0.864258
0.246948 0.99707
0.125488 0.99707
0.00289917 0.99707
0.00289917 0.99707
0.00289917 0.986328
0.00289917 0.99707
0.00289917 0.861328
0.00289917 0.133423
0.00289917 0.00649643
0.125488 0.00649643
0.125488 0.133423
0.00289917 0.587402
0.00289917 0.377441
0.125488 0.377441
0.125488 0.587402
0.00289917 0.721191
0.125488 0.721191
0.00289917 0.861328
0.125488 0.861328
0.00289917 0.99707
0.125488 0.99707
0.252686 0.133423
0.252686 0.00649643
0.375244 0.00649643
0.375244 0.133423
0.252686 0.587402
0.252686 0.377441
0.375244 0.377441
0.375244 0.587402
0.252686 0.721191
0.375244 0.721191
0.252686 0.861328
0.375244 0.861328
0.252686 0.99707
0.375244 0.99707
0.252686 0.133423
0.252686 0.00649643
0.375244 0.00649643
0.375244 0.133423
0.252686 0.587402
0.252686 0.377441
0.375244 0.377441
0.375244 0.587402
0.252686 0.721191
0.375244 0.721191
0.252686 0.861328
0.375244 0.861328
0.252686 0.99707
0.375244 0.99707
0.246948 0.294922
0.125488 0.294922
0.125488 0.00649643
0.246948 0.00649643
0.00289917 0.294922
0.00289917 0.00649643
0.246948 0.587402
0.125488 0.587402
0.00289917 0.587402
0.246948 0.721191
0.125488 0.721191
0.00289917 0.721191
0.246948 0.861328
0.125488 0.861328
0.00289917 0.861328
0.246948 0.99707
0.125488 0.99707
0.00289917 0.99707
0.246948 0.133423
0.246948 0.00649643
0.246948 0.587402
0.246948 0.377441
0.246948 0.721191
0.246948 0.861328
0.246948 0.99707
0.497803 0.133423
0.497803 0.00649643
0.497803 0.587402
0.497803 0.377441
0.497803 0.721191
0.497803 0.861328
0.497803 0.99707
0.497803 0.133423
0.497803 0.00649643
0.497803 0.587402
0.497803 0.377441
0.497803 0.721191
0.497803 0.861328
0.497803 0.99707
0.00289917 0.191895
0.00289917 0.00649643
0.125488 0.00649643
0.125488 0.191895
0.00289917 0.398193
0.125488 0.398193
0.00289917 0.587402
0.125488 0.587402
0.00289917 0.721191
0.125488 0.721191
0.00289917 0.861328
0.125488 0.861328
0.00289917 0.99707
0.125488 0.99707
0.246948 0.191895
0.246948 0.00649643
0.246948 0.398193
0.246948 0.587402
0.246948 0.721191
0.246948 0.861328
0.246948 0.99707
0.252686 0.133423
0.252686 0.00649643
0.375244 0.00649643
0.375244 0.133423
0.252686 0.587402
0.252686 0.377441
0.375244 0.377441
0.375244 0.587402
0.252686 0.721191
0.375244 0.721191
0.252686 0.861328
0.375244 0.861328
0.252686 0.99707
0.375244 0.99707
0.497803 0.133423
0.497803 0.00649643
0.497803 0.587402
0.497803 0.377441
0.497803 0.721191
0.497803 0.861328
0.497803 0.99707
0.246948 0.294922
0.125488 0.294922
0.125488 0.00649643
0.246948 0.00649643
0.00289917 0.294922
0.00289917 0.00649643
0.246948 0.587402
0.125488 0.587402
0.00289917 0.587402
0.246948 0.721191
0.125488 0.721191
0.00289917 0.721191
0.246948 0.861328
0.125488 0.861328
0.00289917 0.861328
0.246948 0.99707
0.125488 0.99707
0.00289917 0.99707
0.252686 0.133423
0.375244 0.133423
0.375244 0.00649643
0.252686 0.00649643
0.252686 0.587402
0.375244 0.587402
0.375244 0.377441
0.252686 0.377441
0.252686 0.721191
0.375244 0.721191
0.252686 0.861328
0.375244 0.861328
0.252686 0.99707
0.375244 0.99707
0.252686 0.133423
0.375244 0.133423
0.375244 0.00649643
0.252686 0.00649643
0.252686 0.587402
0.375244 0.587402
0.375244 0.377441
0.252686 0.377441
0.252686 0.721191
0.375244 0.721191
0.252686 0.861328
0.375244 0.861328
0.252686 0.99707
0.375244 0.99707
0.00289917 0.191895
0.125488 0.191895
0.125488 0.00649643
0.00289917 0.00649643
0.00289917 0.398193
0.125488 0.398193
0.00289917 0.587402
0.125488 0.587402
0.00289917 0.721191
0.125488 0.721191
0.00289917 0.861328
0.125488 0.861328
0.246948 0.191895
0.246948 0.00649643
0.246948 0.398193
0.246948 0.587402
0.246948 0.721191
0.246948 0.861328
0.246948 0.99707
0.125488 0.99707
0.246948 0.294922
0.246948 0.00649643
0.125488 0.00649643
0.125488 0.294922
0.00289917 0.00649643
0.00289917 0.294922
0.246948 0.587402
0.125488 0.587402
0.00289917 0.587402
0.246948 0.721191
0.125488 0.721191
0.00289917 0.721191
0.246948 0.861328
0.125488 0.861328
0.00289917 0.861328
0.246948 0.99707
0.125488 0.99707
0.00289917 0.99707
0.497803 0.133423
0.497803 0.00649643
0.497803 0.587402
0.497803 0.377441
0.497803 0.721191
0.497803 0.861328
0.497803 0.99707
0.497803 0.133423
0.497803 0.00649643
0.497803 0.587402
0.497803 0.377441
0.497803 0.721191
0.497803 0.861328
0.497803 0.99707
0.00289917 0.99707
0.00289917 0.133423
0.125488 0.133423
0.125488 0.00649643
0.00289917 0.00649643
0.00289917 0.587402
0.125488 0.587402
0.125488 0.377441
0.00289917 0.377441
0.00289917 0.721191
0.125488 0.721191
0.00289917 0.861328
0.125488 0.861328
0.00289917 0.99707
0.125488 0.99707
0.246948 0.133423
0.246948 0.00649643
0.246948 0.587402
0.246948 0.377441
0.246948 0.721191
0.246948 0.861328
0.246948 0.99707
0.00289917 0.191895
0.125488 0.191895
0.125488 0.00649643
0.00289917 0.00649643
0.00289917 0.398193
0.125488 0.398193
0.00289917 0.587402
0.125488 0.587402
0.00289917 0.721191
0.125488 0.721191
0.00289917 0.861328
0.125488 0.861328
0.00289917 0.99707
0.125488 0.99707
0.246948 0.191895
0.246948 0.00649643
0.246948 0.398193
0.246948 0.587402
0.246948 0.721191
0.246948 0.861328
0.246948 0.99707
0.252686 0.133423
0.375244 0.133423
0.375244 0.00649643
0.252686 0.00649643
0.252686 0.587402
0.375244 0.587402
0.375244 0.377441
0.252686 0.377441
0.252686 0.721191
0.375244 0.721191
0.252686 0.861328
0.375244 0.861328
0.252686 0.99707
0.375244 0.99707
0.497803 0.133423
0.497803 0.00649643
0.497803 0.587402
0.497803 0.377441
0.497803 0.721191
0.497803 0.861328
0.497803 0.99707
TEXTURE-FACE = 634
271 273 272
355 357 356
357 355 358
359 358 355
358 359 360
361 360 359
360 361 362
363 362 361
362 363 364
372 360 362
360 372 371
371 358 360
358 371 369
369 357 358
357 369 370
365 364 363
364 365 366
367 366 365
366 367 368
375 366 368
366 375 374
374 364 366
364 374 373
373 362 364
362 373 372
344 305 308
305 344 341
341 304 305
304 341 342
302 304 303
304 302 305
307 305 302
305 307 308
306 308 307
308 306 309
310 309 306
309 310 311
312 311 310
311 312 313
314 313 312
313 314 315
347 313 315
313 347 346
346 311 313
311 346 345
345 309 311
309 345 343
343 308 309
308 343 344
320 318 321
318 320 317
320 323 317
323 320 324
324 326 323
326 324 327
327 329 326
329 327 330
333 329 330
329 333 332
331 329 332
329 331 328
328 326 329
326 328 325
325 323 326
323 325 322
322 317 323
317 322 316
316 318 317
318 316 319
351 291 294
291 351 348
348 290 291
290 348 349
288 290 289
290 288 291
293 291 288
291 293 294
292 294 293
294 292 295
296 295 292
295 296 297
298 297 296
297 298 299
300 299 298
299 300 301
354 299 301
299 354 353
353 297 299
297 353 352
352 295 297
295 352 350
350 294 295
294 350 351
274 276 275
276 274 277
279 277 274
277 279 280
278 280 279
280 278 281
282 281 278
281 282 283
284 283 282
283 284 285
286 285 284
285 286 287
340 285 287
285 340 339
339 283 285
283 339 338
338 281 283
281 338 336
336 280 281
280 336 337
337 277 280
277 337 334
334 276 277
276 334 335
75 79 78
79 75 76
75 73 76
73 75 72
72 70 73
70 72 69
69 66 70
66 69 63
64 66 63
66 64 67
64 62 65
62 64 63
63 68 62
68 63 69
69 71 68
71 69 72
72 74 71
74 72 75
75 77 74
77 75 78
531 519 532
519 531 518
529 528 530
528 529 527
527 526 528
526 527 525
525 524 526
524 525 523
523 522 524
522 523 521
521 518 522
518 521 517
517 519 518
519 517 520
533 518 531
518 533 522
534 522 533
522 534 524
535 524 534
524 535 526
536 526 535
526 536 528
537 528 536
528 537 530
507 508 506
508 507 509
507 516 509
516 507 515
505 515 507
515 505 514
501 514 505
514 501 512
502 512 501
512 502 513
498 496 499
496 498 497
497 503 496
503 497 502
502 500 503
500 502 501
501 504 500
504 501 505
505 506 504
506 505 507
497 513 502
513 497 510
498 510 497
510 498 511
44 55 54
42 44 43
44 42 45
55 44 45
47 55 45
55 47 56
49 56 47
56 49 57
51 57 49
57 51 58
52 58 51
58 52 59
52 60 59
60 52 61
52 80 61
80 52 53
52 50 53
50 52 51
49 50 51
50 49 48
47 48 49
48 47 46
45 46 47
46 45 42
102 104 103
104 102 105
107 105 102
105 107 108
106 108 107
108 106 109
110 109 106
109 110 111
112 111 110
111 112 113
114 113 112
113 114 115
122 113 115
113 122 121
121 111 113
111 121 120
120 109 111
109 120 118
118 108 109
108 118 119
119 105 108
105 119 116
116 104 105
104 116 117
481 431 482
431 481 430
484 430 481
430 484 435
439 438 440
438 439 437
437 434 438
434 437 433
433 435 434
435 433 436
436 430 435
430 436 429
429 431 430
431 429 432
483 435 484
435 483 434
485 434 483
434 485 438
486 438 485
438 486 440
487 440 486
440 487 442
441 440 442
440 441 439
480 476 479
476 480 477
474 476 477
476 474 473
471 473 474
473 471 470
468 470 471
470 468 466
468 465 466
465 468 467
463 465 464
465 463 466
469 466 463
466 469 470
472 470 469
470 472 473
475 473 472
473 475 476
478 476 475
476 478 479
448 455 457
455 448 444
445 455 444
455 445 456
445 443 446
443 445 444
444 447 443
447 444 448
448 449 447
449 448 450
450 451 449
451 450 452
452 453 451
453 452 454
454 495 453
495 454 462
454 461 462
461 454 460
454 459 460
459 454 452
452 458 459
458 452 450
450 457 458
457 450 448
81 83 82
83 81 84
86 84 81
84 86 87
100 90 92
90 100 99
99 88 90
88 99 97
97 87 88
87 97 98
98 84 87
84 98 95
95 83 84
83 95 96
85 87 86
87 85 88
89 88 85
88 89 90
91 90 89
90 91 92
93 92 91
92 93 94
101 92 94
92 101 100
419 421 420
421 419 422
422 416 421
416 422 415
415 417 416
417 415 418
420 492 424
492 420 490
421 490 420
490 421 491
416 491 421
491 416 488
417 488 416
488 417 489
420 423 419
423 420 424
424 425 423
425 424 426
426 427 425
427 426 428
426 494 428
494 426 493
424 493 426
493 424 492
247 241 239
239 246 247
246 239 237
237 244 246
244 237 233
234 244 233
244 234 245
239 240 238
238 237 239
237 238 236
236 233 237
233 236 232
232 234 233
234 232 235
241 247 248
248 243 241
243 248 249
250 243 249
243 250 251
270 243 251
270 242 243
242 241 243
241 242 240
240 239 241
203 149 204
149 203 148
206 148 203
148 206 153
205 153 206
153 205 152
156 157 155
155 152 156
152 155 151
151 153 152
153 151 154
154 148 153
148 154 147
147 149 148
149 147 150
207 152 205
152 207 156
208 156 207
156 208 158
209 158 208
210 158 209
160 158 210
159 158 160
158 159 157
157 156 158
200 201 199
201 200 202
200 224 202
224 200 223
198 223 200
223 198 222
196 222 198
222 196 221
194 221 196
221 194 220
191 189 192
189 191 190
190 193 189
193 190 194
194 195 193
195 194 196
196 197 195
197 196 198
198 199 197
199 198 200
190 220 194
220 190 218
191 218 190
218 191 219
162 214 167
214 162 211
163 211 162
211 163 212
163 161 164
161 163 162
162 168 161
168 162 167
167 165 168
165 167 166
166 169 165
169 166 170
170 171 169
171 170 172
172 173 171
173 172 174
172 217 174
217 172 216
170 216 172
216 170 215
166 215 170
215 166 213
167 213 166
213 167 214
143 133 134
133 143 144
141 133 144
133 141 130
141 129 130
129 141 142
142 126 129
126 142 139
139 125 126
125 139 140
130 132 133
132 130 127
129 127 130
127 129 128
126 128 129
128 126 123
125 123 126
123 125 124
134 145 143
145 134 136
136 146 145
146 136 138
136 137 138
137 136 135
134 135 136
135 134 131
133 131 134
131 133 132
376 378 377
378 376 379
381 379 376
379 381 382
380 382 381
382 380 383
384 383 380
383 384 385
386 385 384
385 386 387
388 387 386
387 388 389
396 387 389
387 396 395
395 385 387
385 395 394
394 383 385
383 394 392
392 382 383
382 392 393
393 379 382
379 393 390
390 378 379
378 390 391
410 414 413
414 410 411
410 408 411
408 410 407
407 405 408
405 407 404
404 401 405
401 404 398
399 401 398
401 399 402
399 397 400
397 399 398
398 403 397
403 398 404
404 406 403
406 404 407
407 409 406
409 407 410
410 412 409
412 410 413
269 265 268
265 269 266
263 265 266
265 263 262
260 262 263
262 260 259
257 259 260
259 257 255
257 254 255
254 257 256
252 254 253
254 252 255
258 255 252
255 258 259
261 259 258
259 261 262
264 262 261
262 264 265
267 265 264
265 267 268
25 41 40
41 25 27
25 26 27
26 25 24
23 24 25
24 23 22
21 22 23
22 21 18
20 18 21
18 20 19
16 35 36
35 16 17
17 38 35
38 17 20
20 37 38
37 20 21
21 39 37
39 21 23
23 40 39
40 23 25
17 19 20
19 17 14
16 14 17
14 16 15
0 2 1
2 0 3
4 3 0
3 4 5
6 5 4
5 6 7
8 7 6
7 8 9
10 9 8
9 10 11
12 11 10
11 12 13
34 11 13
11 34 33
33 9 11
9 33 32
32 7 9
7 32 31
31 5 7
5 31 30
30 3 5
3 30 28
28 2 3
2 28 29
549 550 548
550 549 551
549 558 551
558 549 557
547 557 549
557 547 556
543 556 547
556 543 554
544 554 543
554 544 555
540 538 541
538 540 539
539 545 538
545 539 544
544 542 545
542 544 543
543 546 542
546 543 547
547 548 546
548 547 549
539 555 544
555 539 552
540 552 539
552 540 553
225 177 226
177 225 176
228 176 225
176 228 181
227 181 228
181 227 180
229 180 227
180 229 184
230 184 229
184 230 186
231 186 230
186 231 188
187 186 188
186 187 185
185 184 186
184 185 183
183 180 184
180 183 179
179 181 180
181 179 182
182 176 181
176 182 175
175 177 176
177 175 178
ATTRIBUTE_COUNT = 0
VERTEXWEIGHT = 0
BONEOBJECT_COUNT = 0
