EXPORTER_V15
MESH_EXPORT
MATERIALGROUP = 2
MATERIAL 0
DIFFUSE 0.588 0.588 0.588 1
AMBIENT 0.588 0.588 0.588 1
SPECULAR 0.9 0.9 0.9 1
EMISSIVE 0.588 0.588 0.588 0
POWER 0.0
TEXTURE_DIR_PATH texture/map
TEXTURE  
SPECULAR_TEXTURE  
BUMP_TEXTURE  
MATERIAL 1
DIFFUSE 0.588 0.588 0.588 1
AMBIENT 0.588 0.588 0.588 1
SPECULAR 0.9 0.9 0.9 1
EMISSIVE 0.588 0.588 0.588 0
POWER 0.0
TEXTURE_DIR_PATH texture/map
TEXTURE C:\Users\Lee\Desktop\ABresource\map\TDM_UnderSiege_Deco\Texture2D\Root01_T.tga
SPECULAR_TEXTURE  
BUMP_TEXTURE  
GEOMOBJECT_COUNT = 1
MESH_NAME = Root_Sm
MATERIAL_COUNT = 1
MATERIAL_ID = 1
VERTEX = 166
-298.452 -23.9166 1.142
-304.087 -8.9767 -22.8902
-349.543 -64.7848 -11.4237
-338.625 -73.4733 10.7788
-324.573 14.3334 -38.0038
-371.805 -49.6739 -20.0538
-350.516 33.103 -21.7294
-391.177 -41.8016 -8.7051
-362.275 38.7515 1.142
-400.182 -40.1682 10.7788
-400.182 -40.1682 10.7788
-362.275 38.7515 1.142
-349.481 34.4673 24.0135
-391.177 -41.8016 30.2627
-324.573 14.3335 40.2879
-371.805 -49.6739 41.6114
-304.285 -10.344 25.1743
-349.543 -64.7848 32.9813
-298.452 -23.9166 1.142
-338.625 -73.4733 10.7788
-189.136 69.8025 -56.0953
-251.098 46.9991 -36.6837
-245.493 32.5528 -6.7962
-185.102 52.6524 -19.9804
-197.803 106.996 -73.1301
-270.813 71.509 -50.3863
-206.458 144.568 -56.4484
-295.118 97.3767 -36.2146
-210.481 162.096 -19.9804
-307.199 109.926 -6.7962
-206.458 144.568 16.4876
-295.118 97.3767 22.6222
-197.803 106.996 33.1694
-270.813 71.509 36.7939
-189.136 69.8025 16.1345
-251.098 46.9991 23.0912
-185.102 52.6524 -19.9804
-245.493 32.5528 -6.7962
-122.795 55.3027 -56.8084
-132.317 39.5832 -19.9804
-102.2 87.6251 -72.9664
-81.5934 116.993 -55.35
-72.0299 129.845 -19.9803
-81.5934 116.993 15.3892
-102.2 87.6251 33.0057
-122.795 55.3027 16.8476
-132.317 39.5832 -19.9804
-78.788 0.3876 -38.9821
-91.2596 -8.8267 -6.4792
-51.9151 18.9182 -52.266
-25.0424 35.9968 -36.6261
-12.5706 43.8518 -6.4792
-72.0299 129.845 -19.9803
-81.5934 116.993 -55.35
-25.0424 35.9968 -36.6261
-25.0424 35.9968 23.6677
-81.5934 116.993 15.3892
-72.0299 129.845 -19.9803
-12.5706 43.8518 -6.4792
-51.9151 18.9182 39.3076
-102.2 87.6251 33.0057
-78.7879 0.3876 26.0237
-78.7879 0.3876 26.0237
-91.2596 -8.8267 -6.4792
-0.7113 -63.6609 -21.5055
-78.788 0.3876 -38.9821
-91.2596 -8.8267 -6.4792
-9.8302 -77.2731 10.7788
18.9371 -34.4663 -36.0625
-51.9151 18.9182 -52.266
38.5855 -4.7759 -21.2552
-25.0424 35.9968 -36.6261
47.7043 9.3099 10.7788
-12.5706 43.8518 -6.4792
38.5855 -4.7759 42.8128
-25.0424 35.9968 23.6677
-12.5706 43.8518 -6.4792
47.7043 9.3099 10.7788
18.9371 -34.4663 57.6202
-51.9151 18.9182 39.3076
-0.7112 -63.661 43.063
-78.7879 0.3876 26.0237
-9.8302 -77.2731 10.7788
-91.2596 -8.8267 -6.4792
93.2335 -90.9482 -4.1554
91.3798 -105.672 27.1363
97.2274 -59.062 -18.849
101.221 -26.9031 -4.3866
103.075 -11.9076 27.1363
101.221 -26.9032 58.6591
103.075 -11.9076 27.1363
97.2274 -59.062 73.1215
93.2334 -90.9482 58.4279
91.3798 -105.672 27.1363
198.693 -66.9896 2.5761
201.752 -80.8457 33.2457
192.115 -36.92 -11.8861
185.557 -6.5264 2.2797
182.518 7.6539 33.2457
101.221 -26.9031 -4.3866
185.557 -6.5264 2.2797
185.557 -6.5264 64.2116
192.115 -36.92 78.3775
198.693 -66.9896 63.9153
201.752 -80.8457 33.2457
291.314 -50.443 -2.7857
290.968 -61.3548 21.1419
291.796 -25.6257 -15.1745
293.328 0.7952 -4.4527
294.312 13.4318 21.1419
294.312 13.4318 21.1419
293.328 0.7952 46.7364
291.796 -25.6257 57.4583
291.314 -50.443 45.0694
290.968 -61.3548 21.1419
-304.087 -8.9767 -22.8902
-245.493 32.5528 -6.7962
-324.573 14.3334 -38.0038
-350.516 33.103 -21.7294
-362.275 38.7515 1.142
-349.481 34.4673 24.0135
-324.573 14.3335 40.2879
-304.285 -10.344 25.1743
-245.493 32.5528 -6.7962
-402.327 -156.365 4.0204
-396.332 -160.605 16.7254
-412.808 -150.837 0.5368
-422.905 -146.351 6.9854
-426.288 -144.621 16.7254
-422.905 -146.351 26.4654
-426.288 -144.621 16.7254
-412.808 -150.837 32.914
-402.327 -156.365 29.4304
-396.332 -160.605 16.7254
428.582 -80.2444 10.7143
428.582 -76.864 0.1507
428.582 -65.7046 -6.2919
428.582 -53.2124 -2.2407
428.582 -46.0077 10.7143
428.582 -46.0077 10.7143
428.582 -53.2124 23.6694
428.582 -65.7045 27.7205
428.582 -76.864 21.278
428.582 -76.864 21.278
428.582 -80.2444 10.7143
290.968 -61.3548 21.1419
428.582 -65.7046 -6.2919
428.582 -76.864 0.1507
428.582 -53.2124 -2.2407
428.582 -80.2444 10.7143
428.582 -76.864 21.278
428.582 -53.2124 23.6694
428.582 -46.0077 10.7143
-426.288 -144.621 16.7254
-396.332 -160.605 16.7254
-402.327 -156.365 4.0204
-422.905 -146.351 6.9854
-402.327 -156.365 29.4304
-422.905 -146.351 26.4654
-412.808 -150.837 32.914
-396.332 -160.605 16.7254
-426.288 -144.621 16.7254
-412.808 -150.837 0.5368
428.582 -76.864 21.278
428.582 -65.7045 27.7205
428.582 -53.2124 23.6694
INDEX = 188
143 145 144
88 70 72
70 88 87
68 65 69
69 70 68
70 69 71
71 72 70
72 71 73
87 68 70
68 87 86
97 86 87
86 97 96
108 96 97
96 108 107
108 136 107
135 107 136
107 135 105
134 105 135
136 108 137
110 137 108
97 110 108
137 110 138
86 64 68
64 86 84
96 84 86
84 96 94
107 94 96
94 107 105
105 134 106
95 105 106
105 95 94
85 94 95
94 85 84
67 84 85
84 67 64
66 64 67
64 66 65
65 68 64
63 45 46
45 63 61
61 44 45
45 32 34
34 46 45
46 34 36
35 36 34
36 35 37
122 37 35
35 121 122
121 35 33
33 120 121
120 33 31
34 33 35
33 34 32
32 31 33
31 32 30
30 29 31
29 30 28
31 119 120
119 31 29
27 119 29
28 27 29
27 28 26
26 25 27
25 118 27
118 25 117
21 117 25
117 21 115
119 27 118
24 21 25
25 26 24
41 24 26
26 42 41
42 26 28
28 43 42
43 28 30
30 44 43
44 30 32
32 45 44
21 24 20
40 20 24
24 41 40
50 40 41
40 50 49
49 38 40
38 49 47
20 40 38
22 115 21
20 22 21
22 20 23
38 23 20
23 38 39
47 39 38
39 47 48
1 5 4
7 4 5
4 7 6
6 9 8
9 6 7
7 128 9
128 7 127
5 127 7
127 5 126
2 126 5
5 1 2
0 2 1
1 116 0
126 2 124
2 0 3
3 124 2
124 3 125
163 165 164
51 53 52
53 51 54
160 158 161
158 160 157
157 159 158
153 155 154
155 153 156
155 156 162
123 16 18
10 12 11
12 10 13
13 14 12
14 13 15
15 16 14
16 15 17
17 18 16
18 17 19
17 133 19
133 17 132
15 132 17
132 15 131
13 131 15
131 13 129
10 129 13
129 10 130
77 89 90
76 74 77
89 77 74
74 91 89
101 90 89
89 102 101
102 89 91
91 103 102
113 102 103
102 113 112
112 101 102
101 112 111
111 98 101
113 141 112
140 112 141
112 140 111
139 111 140
111 139 109
98 111 109
109 100 98
99 98 100
98 99 90
90 101 98
74 76 75
75 78 74
91 74 78
78 92 91
103 91 92
92 104 103
114 103 104
103 114 113
114 142 113
141 113 142
104 92 93
80 93 92
92 78 80
79 80 78
78 75 79
93 80 82
81 82 80
80 79 81
82 81 83
60 62 59
59 56 60
56 59 55
55 57 56
57 55 58
149 151 150
151 149 152
149 148 152
148 149 147
146 148 147
FACE-NORMAL = 188
-0.107022 -0.946954 0.303027
0.433127 0.773166 -0.463266
0.400209 0.818206 -0.41276
-0.131893 -0.444045 -0.886244
0.36571 0.210169 -0.906689
0.370234 0.239398 -0.897561
0.554909 0.691745 -0.462131
0.538934 0.733541 -0.414087
0.329915 0.237347 -0.913686
0.306499 0.358491 -0.881784
-0.0277927 0.41286 -0.91037
-0.0306 0.416818 -0.908475
-0.084424 0.405916 -0.910002
-0.0733407 0.378661 -0.922625
0.165784 0.362553 -0.917099
-0.0898934 -0.497959 -0.862529
-0.0664711 -0.444619 -0.89325
-0.1741 -0.937877 -0.300125
0.137419 0.305556 -0.942206
0.341402 0.837517 -0.426626
-0.0881481 0.894519 -0.438254
0.329625 0.8251 -0.458865
0.0459908 -0.470371 -0.88127
0.0444004 -0.422685 -0.905189
0.165422 -0.429765 -0.887658
0.148982 -0.401938 -0.903466
0.018942 -0.429986 -0.902637
0.0280766 -0.446901 -0.894143
-0.154479 -0.898088 -0.411793
0.141448 -0.901478 -0.409059
0.136104 -0.897667 -0.419129
0.221234 -0.880262 -0.419756
0.227115 -0.886307 -0.403583
-0.17951 -0.886 -0.427527
-0.179293 -0.887362 -0.424786
-0.515687 -0.727579 -0.452432
-0.521062 -0.747571 -0.411865
-0.109414 -0.383595 -0.916997
-0.747767 -0.518547 0.414672
-0.738077 -0.519537 0.430492
-0.413592 -0.182388 0.892007
-0.104509 -0.434157 0.894754
-0.197405 -0.882161 0.427578
-0.220459 -0.890409 0.398209
0.353721 -0.828997 0.433181
0.369181 -0.807724 0.459661
0.672793 -0.608758 0.420433
0.334057 -0.277118 0.900895
0.324378 -0.249238 0.912502
-0.305105 0.341212 0.889092
-0.270621 0.25439 0.928466
0.224845 -0.33142 0.9163
0.221359 -0.362972 0.905125
-0.13641 0.374326 0.917209
-0.136476 0.375564 0.916693
-0.382614 0.782648 0.490987
-0.381051 0.816191 0.434319
-0.65949 0.58046 0.477639
-0.652957 0.561909 0.507843
-0.710137 0.493511 -0.502148
-0.46264 0.730884 -0.501769
-0.499271 0.758143 -0.419461
-0.320432 0.205528 -0.924706
-0.39098 0.131695 -0.910929
-0.414513 0.197353 -0.888386
0.179251 -0.366286 -0.913074
0.196522 -0.405965 -0.892509
-0.711803 0.503034 -0.490197
-0.0247089 -0.502901 -0.863991
-0.410134 0.289508 -0.864856
0.101363 0.423111 -0.90039
0.202471 0.901561 -0.382351
0.20742 0.890439 -0.405087
0.209522 0.899461 0.383497
0.200451 0.89146 0.406347
0.108151 0.454491 0.884161
0.0868278 0.420898 0.902943
-0.0803517 -0.404267 0.911105
-0.118892 -0.436222 -0.89195
-0.0858594 -0.431339 -0.898095
0.095146 0.462132 -0.881692
0.504247 0.155705 -0.849406
0.465543 0.0750341 -0.881839
-0.133154 -0.373981 -0.917828
-0.156079 -0.415904 -0.895915
-0.0962259 -0.395338 -0.913482
0.596904 -0.672768 -0.437138
0.178461 -0.872358 -0.45513
0.196203 -0.877091 -0.438425
-0.199629 -0.893592 -0.402047
-0.216967 -0.876304 -0.430135
-0.627179 -0.644545 -0.437274
-0.62808 -0.651402 -0.425666
0.20332 -0.40058 -0.893418
-0.471539 0.102325 -0.875888
-0.473042 0.104676 -0.8748
-0.805412 0.32645 -0.494714
-0.828125 0.377484 -0.414386
-0.88363 0.196658 -0.42488
-0.908088 0.222319 -0.354894
-0.498882 0.0213697 -0.866406
-0.525192 0.0398509 -0.85005
0.185033 -0.26747 -0.945633
0.149814 -0.31461 -0.937324
0.608643 -0.601951 -0.516923
0.583808 -0.621031 -0.522961
0.177094 -0.262055 -0.948665
0.60535 -0.593799 -0.53005
0.692036 -0.488495 -0.531469
0.705731 -0.501553 -0.500388
1.0 0.0 0.0
0.785558 0.482304 -0.387662
0.781203 0.44398 -0.438867
-0.470748 -0.882241 0.00680353
-0.44601 -0.890806 0.0868306
-0.445174 -0.89218 0.0763862
-0.469534 -0.879965 -0.0721125
-0.436612 -0.899613 0.00813868
-0.445174 -0.89218 -0.0763862
0.672212 -0.562804 0.481022
-0.754445 0.4236 0.501373
-0.788572 0.464161 0.403372
-0.362971 0.271472 0.891378
-0.386824 0.303449 0.870796
0.364099 -0.250124 0.897145
0.294389 -0.108569 0.949499
0.711202 -0.524036 0.468591
0.705932 -0.469062 0.530698
0.723586 -0.44311 0.529223
0.742111 -0.447092 0.49938
0.247307 -0.17946 0.952173
0.226608 -0.174235 0.958275
-0.467278 0.11402 0.876727
-0.496203 0.11935 0.859964
-0.871041 0.248958 0.423446
-0.901365 0.245586 0.356692
0.209454 0.878164 0.430067
0.339681 0.821532 0.457933
0.197634 0.875387 0.441178
-0.0816118 0.417195 0.905145
-0.239819 0.882074 0.405503
-0.153984 0.389922 0.907882
-0.147783 0.420854 0.895009
0.0489005 -0.424206 0.904244
0.248711 -0.375088 0.893002
0.231903 -0.43807 0.868514
0.135893 0.442469 0.886428
0.12456 0.36689 0.921888
0.00565532 0.909398 0.415888
0.0631244 -0.446734 0.892437
0.284873 0.295696 0.911818
0.290118 0.345364 0.8925
0.396468 0.802324 0.446195
0.394567 0.817806 0.418939
0.00159492 0.896642 0.442754
-0.0923061 0.901861 -0.422049
-0.180876 0.887367 -0.424104
-0.187693 0.891219 -0.412916
-0.247171 0.871581 0.423383
0.412697 0.82516 0.385735
0.0117859 0.440014 0.897914
-0.0303172 0.462092 0.886314
-0.290957 -0.370108 0.88225
0.0490366 -0.423072 0.904768
0.180237 -0.889518 0.419849
0.247697 -0.873405 0.419298
0.239436 -0.884692 0.399989
-0.102349 -0.904517 0.413972
0.053791 -0.499251 0.864786
0.178458 -0.894343 0.410249
-0.315802 -0.851189 0.419221
-0.23826 -0.300199 0.923641
-0.380419 -0.194768 0.904073
0.166569 0.510458 0.843616
-0.307848 -0.842451 0.44216
-0.623704 -0.641485 0.446643
-0.340576 -0.169116 0.924883
-0.633316 -0.645997 0.426144
-0.342652 -0.165965 0.924687
0.317176 0.314206 0.894804
0.320021 0.314771 0.893591
0.732342 0.552063 0.398624
0.706158 0.556916 0.437247
1.0 0.0 0.0
1.0 0.0 0.0
1.0 0.0 0.0
1.0 0.0 0.0
1.0 0.0 0.0
TEXTURE-VERTEX = 166
0.0094986 0.614258
0.067688 0.614258
0.067688 0.76416
0.0094986 0.76416
0.124573 0.614258
0.124573 0.76416
0.182983 0.614258
0.182983 0.76416
0.236694 0.614258
0.236694 0.76416
0.236694 0.76416
0.236694 0.614258
0.288086 0.614258
0.288086 0.76416
0.348145 0.614258
0.348145 0.76416
0.411377 0.614258
0.411377 0.76416
0.485107 0.614258
0.485107 0.76416
0.067688 0.323975
0.067688 0.463135
0.0094986 0.463135
0.0094986 0.323975
0.124573 0.323975
0.124573 0.463135
0.182983 0.323975
0.182983 0.463135
0.236694 0.323975
0.236694 0.463135
0.288086 0.323975
0.288086 0.463135
0.348145 0.323975
0.348145 0.463135
0.411377 0.323975
0.411377 0.463135
0.485107 0.323975
0.485107 0.463135
0.067688 0.175659
0.0094986 0.175659
0.124573 0.175659
0.182983 0.175659
0.236694 0.175659
0.288086 0.175659
0.348145 0.175659
0.411377 0.175659
0.485107 0.175659
0.067688 0.0155945
0.0094986 0.0155945
0.124573 0.0155945
0.182983 0.0155945
0.236694 0.0155945
0.236694 0.175659
0.182983 0.175659
0.182983 0.0155945
0.288086 0.0155945
0.288086 0.175659
0.236694 0.175659
0.236694 0.0155945
0.348145 0.0155945
0.348145 0.175659
0.411377 0.0155945
0.411377 0.0155945
0.485107 0.0155945
0.067688 0.201294
0.067688 0.0155945
0.0094986 0.0155945
0.0094986 0.201294
0.124573 0.201294
0.124573 0.0155945
0.182983 0.201294
0.182983 0.0155945
0.236694 0.201294
0.236694 0.0155945
0.288086 0.201294
0.288086 0.0155945
0.236694 0.0155945
0.236694 0.201294
0.348145 0.201294
0.348145 0.0155945
0.411377 0.201294
0.411377 0.0155945
0.485107 0.201294
0.485107 0.0155945
0.067688 0.378174
0.0094986 0.378174
0.124573 0.378174
0.182983 0.378174
0.236694 0.378174
0.288086 0.378174
0.236694 0.378174
0.348145 0.378174
0.411377 0.378174
0.485107 0.378174
0.067688 0.569824
0.0094986 0.569824
0.124573 0.569824
0.182983 0.569824
0.236694 0.569824
0.182983 0.378174
0.182983 0.569824
0.288086 0.569824
0.348145 0.569824
0.411377 0.569824
0.485107 0.569824
0.067688 0.739746
0.0094986 0.739746
0.124573 0.739746
0.182983 0.739746
0.236694 0.739746
0.236694 0.739746
0.288086 0.739746
0.348145 0.739746
0.411377 0.739746
0.485107 0.739746
0.067688 0.614258
0.0094986 0.463135
0.124573 0.614258
0.182983 0.614258
0.236694 0.614258
0.288086 0.614258
0.348145 0.614258
0.411377 0.614258
0.485107 0.463135
0.067688 0.983887
0.0094986 0.983887
0.124573 0.983887
0.182983 0.983887
0.236694 0.983887
0.288086 0.983887
0.236694 0.983887
0.348145 0.983887
0.411377 0.983887
0.485107 0.983887
0.0094986 0.983887
0.067688 0.983887
0.124573 0.983887
0.182983 0.983887
0.236694 0.983887
0.236694 0.983887
0.288086 0.983887
0.348145 0.983887
0.411377 0.983887
0.411377 0.983887
0.485107 0.983887
0.485107 0.739746
0.876953 0.933105
0.868652 0.960938
0.861328 0.907227
0.837891 0.978027
0.807617 0.960938
0.814453 0.907227
0.837891 0.898438
0.837891 0.898438
0.837891 0.978027
0.807617 0.960938
0.814453 0.907227
0.868652 0.960938
0.861328 0.907227
0.876953 0.933105
0.837891 0.978027
0.837891 0.898438
0.798828 0.933105
0.807617 0.960938
0.798828 0.933105
0.814453 0.907227
TEXTURE-FACE = 188
143 145 144
88 70 72
70 88 87
68 65 69
69 70 68
70 69 71
71 72 70
72 71 73
87 68 70
68 87 86
97 86 87
86 97 96
108 96 97
96 108 107
108 136 107
135 107 136
107 135 105
134 105 135
136 108 137
110 137 108
97 110 108
137 110 138
86 64 68
64 86 84
96 84 86
84 96 94
107 94 96
94 107 105
105 134 106
95 105 106
105 95 94
85 94 95
94 85 84
67 84 85
84 67 64
66 64 67
64 66 65
65 68 64
63 45 46
45 63 61
61 44 45
45 32 34
34 46 45
46 34 36
35 36 34
36 35 37
122 37 35
35 121 122
121 35 33
33 120 121
120 33 31
34 33 35
33 34 32
32 31 33
31 32 30
30 29 31
29 30 28
31 119 120
119 31 29
27 119 29
28 27 29
27 28 26
26 25 27
25 118 27
118 25 117
21 117 25
117 21 115
119 27 118
24 21 25
25 26 24
41 24 26
26 42 41
42 26 28
28 43 42
43 28 30
30 44 43
44 30 32
32 45 44
21 24 20
40 20 24
24 41 40
50 40 41
40 50 49
49 38 40
38 49 47
20 40 38
22 115 21
20 22 21
22 20 23
38 23 20
23 38 39
47 39 38
39 47 48
1 5 4
7 4 5
4 7 6
6 9 8
9 6 7
7 128 9
128 7 127
5 127 7
127 5 126
2 126 5
5 1 2
0 2 1
1 116 0
126 2 124
2 0 3
3 124 2
124 3 125
163 165 164
51 53 52
53 51 54
160 158 161
158 160 157
157 159 158
153 155 154
155 153 156
155 156 162
123 16 18
10 12 11
12 10 13
13 14 12
14 13 15
15 16 14
16 15 17
17 18 16
18 17 19
17 133 19
133 17 132
15 132 17
132 15 131
13 131 15
131 13 129
10 129 13
129 10 130
77 89 90
76 74 77
89 77 74
74 91 89
101 90 89
89 102 101
102 89 91
91 103 102
113 102 103
102 113 112
112 101 102
101 112 111
111 98 101
113 141 112
140 112 141
112 140 111
139 111 140
111 139 109
98 111 109
109 100 98
99 98 100
98 99 90
90 101 98
74 76 75
75 78 74
91 74 78
78 92 91
103 91 92
92 104 103
114 103 104
103 114 113
114 142 113
141 113 142
104 92 93
80 93 92
92 78 80
79 80 78
78 75 79
93 80 82
81 82 80
80 79 81
82 81 83
60 62 59
59 56 60
56 59 55
55 57 56
57 55 58
149 151 150
151 149 152
149 148 152
148 149 147
146 148 147
ATTRIBUTE_COUNT = 0
VERTEXWEIGHT = 0
BONEOBJECT_COUNT = 0
