EXPORTER_V15
MESH_EXPORT
MATERIALGROUP = 2
MATERIAL 0
DIFFUSE 0.588 0.588 0.588 1
AMBIENT 0.588 0.588 0.588 1
SPECULAR 0.9 0.9 0.9 1
EMISSIVE 0.588 0.588 0.588 0
POWER 0.0
TEXTURE_DIR_PATH texture/map
TEXTURE  
SPECULAR_TEXTURE  
BUMP_TEXTURE  
MATERIAL 1
DIFFUSE 0.588 0.588 0.588 1
AMBIENT 0.588 0.588 0.588 1
SPECULAR 0.9 0.9 0.9 1
EMISSIVE 0.588 0.588 0.588 0
POWER 0.0
TEXTURE_DIR_PATH texture/map
TEXTURE C:\Users\Lee\Desktop\ABresource\map\OM_NetherDale_Deco\Texture2D\Ruins01_SM_T.tga
SPECULAR_TEXTURE C:\Users\Lee\Desktop\ABresource\map\OM_NetherDale_Deco\Texture2D\Ruins01_S.tga
BUMP_TEXTURE C:\Users\Lee\Desktop\ABresource\map\OM_NetherDale_Deco\Texture2D\\Ruins01_N.tga:Normal Bump
GEOMOBJECT_COUNT = 1
MESH_NAME = Ruins01_A_SM
MATERIAL_COUNT = 1
MATERIAL_ID = 1
VERTEX = 1328
110.714 47.8937 -46.6792
110.714 3.79289 -46.6792
116.613 -2.32852 -46.6792
118.26 59.899 -46.6792
110.714 -2.32852 -28.3232
110.714 -2.32852 38.2237
117.19 -2.32852 46.3376
117.19 -2.32852 46.3376
116.613 -2.32852 -46.6792
110.714 -2.32852 -28.3232
110.714 48.6931 46.3376
110.714 5.64926 46.3376
110.714 -2.32852 38.2237
110.714 59.899 19.3264
197.815 -2.32852 46.3376
117.19 -2.32852 46.3376
110.714 5.64926 46.3376
203.73 14.9034 46.3376
110.714 -2.32852 -28.3232
110.714 59.899 -35.5742
110.714 47.8937 -46.6792
110.714 3.79289 -46.6792
173.262 59.899 -46.6792
118.26 59.899 -46.6792
116.613 -2.32852 -46.6792
190.501 -2.32852 -46.6791
203.73 -2.32852 -32.7837
203.73 -2.32852 34.9549
203.73 25.526 -35.2252
203.73 11.9583 -46.6791
203.799 59.899 34.3147
203.73 14.9034 46.3376
203.73 41.1648 46.3376
110.714 48.6931 46.3376
203.73 41.1648 46.3376
173.262 59.899 -46.6792
190.944 59.899 46.3376
122.114 59.899 46.3376
122.114 59.899 46.3376
118.26 59.899 -46.6792
173.262 59.899 -46.6792
110.714 59.899 19.3264
110.714 59.899 19.3264
110.714 59.899 -35.5742
118.26 59.899 -46.6792
203.73 -2.32852 -32.7837
190.501 -2.32852 -46.6791
197.815 -2.32852 46.3376
203.73 -2.32852 34.9549
110.714 -2.32852 -28.3232
116.613 -2.32852 -46.6792
110.714 3.79289 -46.6792
173.262 59.899 -46.6792
188.731 39.4119 -46.6791
203.73 59.899 -33.0812
203.73 11.9583 -46.6791
190.501 -2.32852 -46.6791
203.73 -2.32852 -32.7837
188.731 39.4119 -46.6791
203.73 25.526 -35.2252
203.73 59.899 -33.0812
188.731 39.4119 -46.6791
203.73 11.9583 -46.6791
203.73 25.526 -35.2252
110.714 59.899 -35.5742
110.714 47.8937 -46.6792
118.26 59.899 -46.6792
203.73 -2.32852 34.9549
197.815 -2.32852 46.3376
203.73 14.9034 46.3376
203.799 59.899 34.3147
117.19 -2.32852 46.3376
110.714 -2.32852 38.2237
110.714 5.64926 46.3376
122.114 59.899 46.3376
110.714 48.6931 46.3376
110.714 59.899 19.3264
188.731 39.4119 -46.6791
203.73 11.9583 -46.6791
203.73 59.899 -33.0812
203.73 41.1648 46.3376
190.944 59.899 46.3376
203.799 59.899 34.3147
110.714 48.6931 46.3376
122.114 59.899 46.3376
190.944 59.899 46.3376
203.73 59.899 -33.0812
203.799 59.899 34.3147
190.944 59.899 46.3376
184.141 105.883 -38.1643
190.043 99.2162 -38.1643
194.038 101.157 -32.7444
194.038 105.883 -26.718
190.043 62.8015 -38.1643
190.043 99.2162 -38.1643
184.141 105.883 -38.1643
173.141 59.8073 -38.1643
194.038 63.4688 -32.7444
194.038 101.157 -32.7444
190.043 99.2162 -38.1643
190.043 62.8015 -38.1643
179.058 105.883 35.468
184.141 105.883 -38.1643
194.038 105.883 -26.718
194.038 105.883 28.5476
189.408 59.8073 35.468
179.058 105.883 35.468
194.038 88.3941 35.468
194.038 62.7456 35.468
120.406 105.883 22.1156
120.406 94.181 31.0538
120.554 59.8073 35.2417
120.406 59.8073 -30.0254
124.527 99.6887 35.468
120.406 94.181 31.0538
120.406 105.883 22.1156
128.223 105.883 35.468
126.191 59.8073 -38.1643
128.989 105.883 -38.1643
120.406 92.8827 -38.1643
120.406 68.6741 -38.1643
194.038 59.8073 -26.4313
194.038 105.883 -26.718
194.038 101.157 -32.7444
194.038 63.4688 -32.7444
194.038 59.8073 20.3161
194.038 105.883 28.5476
128.223 105.883 35.468
189.408 59.8073 35.468
120.554 59.8073 35.2417
124.527 99.6887 35.468
120.406 92.8827 -38.1643
120.406 68.6741 -38.1643
128.989 105.883 -38.1643
128.223 105.883 35.468
120.406 105.883 22.1156
120.406 105.883 -32.04
128.989 105.883 -38.1643
179.058 105.883 35.468
128.223 105.883 35.468
128.989 105.883 -38.1643
189.408 59.8073 35.468
194.038 59.8073 -26.4313
173.141 59.8073 -38.1643
120.554 59.8073 35.2417
194.038 59.8073 20.3161
120.554 59.8073 35.2417
120.406 105.883 -32.04
120.406 92.8827 -38.1643
128.989 105.883 -38.1643
194.038 105.883 28.5476
194.038 88.3941 35.468
179.058 105.883 35.468
194.038 62.7456 35.468
194.038 88.3941 35.468
194.038 62.7456 35.468
194.038 59.8073 20.3161
189.408 59.8073 35.468
194.038 63.4688 -32.7444
190.043 62.8015 -38.1643
194.038 59.8073 -26.4313
190.043 62.8015 -38.1643
173.141 59.8073 -38.1643
194.038 59.8073 -26.4313
120.406 59.8073 -30.0254
126.191 59.8073 -38.1643
120.406 68.6741 -38.1643
128.989 105.883 -38.1643
126.191 59.8073 -38.1643
179.058 105.883 35.468
120.406 105.883 -32.04
126.191 59.8073 -38.1643
120.406 59.8073 -30.0254
120.554 59.8073 35.2417
126.191 59.8073 -38.1643
193.685 151.365 23.0154
193.685 145.11 30.4147
188.932 146.727 34.0112
183.424 151.365 34.0112
193.685 145.11 30.4147
193.685 151.365 23.0154
193.685 151.365 -31.0575
193.685 105.731 -34.6422
183.424 151.365 34.0112
188.932 146.727 34.0112
193.667 105.731 34.02
193.667 105.731 34.02
130.904 105.731 34.0112
183.424 151.365 34.0112
120.759 123.614 -38.9156
120.759 151.365 -32.3688
120.758 151.365 10.3044
120.758 151.365 10.3044
120.758 105.731 28.4854
120.759 123.614 -38.9156
132.541 151.365 -38.9156
120.759 123.614 -38.9156
120.759 105.731 -38.9156
188.351 105.731 -38.9155
193.685 151.365 -31.0575
120.759 151.365 -32.3688
132.541 151.365 -38.9156
182.521 151.365 -38.9155
120.758 151.365 10.3044
193.685 151.365 23.0154
136.159 151.365 34.0112
120.758 151.365 10.3044
193.685 151.365 23.0154
183.424 151.365 34.0112
193.685 142.353 -38.9155
193.685 110.804 -38.9155
136.159 151.365 34.0112
120.758 122.656 34.0112
120.758 143.07 34.0112
120.758 122.656 34.0112
120.758 143.07 34.0112
193.685 142.353 -38.9155
188.805 144.514 -38.9155
193.685 110.804 -38.9155
182.521 151.365 -38.9155
187.393 150.025 -38.9155
130.904 105.731 34.0112
193.685 105.731 -34.6422
188.351 105.731 -38.9155
188.351 105.731 -38.9155
120.758 105.731 28.4854
130.904 105.731 34.0112
193.667 105.731 34.02
120.759 151.365 -32.3688
120.759 123.614 -38.9156
132.541 151.365 -38.9156
182.521 151.365 -38.9155
187.393 150.025 -38.9155
193.685 151.365 -31.0575
187.393 150.025 -38.9155
188.805 144.514 -38.9155
193.685 151.365 -31.0575
188.805 144.514 -38.9155
193.685 142.353 -38.9155
193.685 151.365 -31.0575
188.351 105.731 -38.9155
193.685 105.731 -34.6422
193.685 110.804 -38.9155
193.685 145.11 30.4147
193.667 105.731 34.02
188.932 146.727 34.0112
136.159 151.365 34.0112
120.758 143.07 34.0112
120.758 151.365 10.3044
130.904 105.731 34.0112
120.758 105.731 28.4854
120.758 122.656 34.0112
193.667 105.731 34.02
120.759 105.731 -38.9156
120.759 105.731 -38.9156
130.501 163.164 21.7986
183.943 163.164 21.7986
182.298 151.618 19.6151
132.146 151.618 19.6151
183.943 163.164 21.7986
183.943 163.164 -32.721
182.298 151.618 -30.5375
182.298 151.618 19.6151
134.658 176.324 28.9195
190.924 176.324 28.9195
127.01 169.744 25.3591
123.52 176.324 20.4917
127.01 169.744 25.3591
130.501 163.164 21.7986
130.501 163.164 -32.721
190.924 205.27 28.9196
190.924 176.324 28.9195
134.658 176.324 28.9195
134.658 176.324 28.9195
123.52 191.372 28.9195
190.924 205.27 28.9196
123.52 205.27 28.9195
123.52 191.372 28.9195
123.52 176.324 20.4917
123.52 205.27 -39.842
117.977 205.27 34.5743
196.467 205.27 34.5743
190.924 205.27 28.9196
123.52 205.27 28.9195
196.467 205.27 34.5743
196.467 205.27 -45.4967
190.924 205.27 -39.842
190.924 205.27 28.9196
196.467 211.701 -45.4967
196.467 205.27 -45.4967
196.467 205.27 34.5743
196.467 214.519 -35.7605
190.06 174.697 -38.9614
184.362 176.324 -39.842
123.52 176.324 -39.842
130.501 163.164 -32.721
190.924 176.324 -35.4621
190.06 174.697 -38.9614
190.924 183.716 -39.842
190.924 176.324 -35.4621
190.924 176.324 28.9195
190.924 205.27 28.9196
123.52 176.324 -39.842
184.362 176.324 -39.842
190.924 183.716 -39.842
123.52 205.27 -39.842
123.52 205.27 -39.842
117.977 205.27 -35.6824
125.485 205.27 -45.4967
123.52 205.27 -39.842
117.977 205.27 34.5743
117.977 205.27 -35.6824
117.977 214.519 -45.4968
117.977 214.519 34.5743
196.467 214.519 -35.7605
117.977 214.519 34.5743
117.977 214.519 -45.4968
117.977 214.519 -45.4968
188.261 214.519 -45.4967
196.467 214.519 -35.7605
136.272 151.618 -30.5375
132.146 151.618 -25.2589
132.146 151.618 19.6151
182.298 151.618 19.6151
131.52 156.011 -31.3683
182.298 151.618 -30.5375
183.943 163.164 -32.721
132.146 151.618 19.6151
132.146 151.618 -25.2589
130.501 163.164 -32.721
130.501 163.164 21.7986
188.261 214.519 -45.4967
125.485 205.27 -45.4967
196.467 205.27 -45.4967
196.467 211.701 -45.4967
196.467 214.519 30.1832
196.467 211.851 34.5743
172.259 214.519 34.5743
196.467 211.851 34.5743
117.977 205.27 34.5743
117.977 214.519 34.5743
117.977 205.27 -35.6824
125.485 205.27 -45.4967
117.977 214.519 -45.4968
196.467 205.27 34.5743
172.259 214.519 34.5743
188.261 214.519 -45.4967
196.467 211.701 -45.4967
196.467 214.519 -35.7605
190.06 174.697 -38.9614
190.924 176.324 -35.4621
184.362 176.324 -39.842
190.924 176.324 -35.4621
190.924 183.716 -39.842
184.362 176.324 -39.842
196.467 214.519 30.1832
196.467 211.851 34.5743
172.259 214.519 34.5743
134.658 176.324 28.9195
123.52 176.324 20.4917
123.52 191.372 28.9195
134.658 176.324 28.9195
127.01 169.744 25.3591
123.52 176.324 20.4917
117.977 214.519 -45.4968
123.52 205.27 28.9195
123.52 176.324 -39.842
190.924 205.27 -39.842
190.924 205.27 -39.842
123.52 176.324 -39.842
190.924 176.324 28.9195
136.272 151.618 -30.5375
131.52 156.011 -31.3683
136.272 151.618 -30.5375
131.52 156.011 -31.3683
132.146 151.618 -25.2589
182.298 151.618 -30.5375
117.977 205.27 -35.6824
196.467 214.519 30.1832
172.259 214.519 34.5743
-112.938 47.8937 46.4701
-112.938 3.79289 46.4701
-118.837 -2.32852 46.4834
-120.483 59.899 46.4871
-112.979 -2.32852 28.1142
-113.128 -2.32852 -38.4325
-119.623 -2.32852 -46.5318
-119.623 -2.32852 -46.5318
-118.837 -2.32852 46.4834
-112.979 -2.32852 28.1142
-113.147 48.6931 -46.5463
-113.147 5.64926 -46.5463
-113.128 -2.32852 -38.4325
-113.086 59.899 -19.5352
-200.248 -2.32852 -46.3507
-119.623 -2.32852 -46.5318
-113.147 5.64926 -46.5463
-206.163 14.9034 -46.3373
-112.979 -2.32852 28.1142
-112.963 59.899 35.3653
-112.938 47.8937 46.4701
-112.938 3.79289 46.4701
-175.486 59.899 46.6107
-120.483 59.899 46.4871
-118.837 -2.32852 46.4834
-192.725 -2.32852 46.6494
-205.985 -2.32852 32.7837
-206.137 -2.32852 -34.9546
-205.98 25.526 35.2252
-205.954 11.9583 46.6792
-206.204 59.899 -34.3143
-206.163 14.9034 -46.3373
-206.163 41.1648 -46.3373
-113.147 48.6931 -46.5463
-206.163 41.1648 -46.3373
-175.486 59.899 46.6107
-193.377 59.899 -46.366
-124.547 59.899 -46.5206
-124.547 59.899 -46.5206
-120.483 59.899 46.4871
-175.486 59.899 46.6107
-113.086 59.899 -19.5352
-113.086 59.899 -19.5352
-112.963 59.899 35.3653
-120.483 59.899 46.4871
-205.985 -2.32852 32.7837
-192.725 -2.32852 46.6494
-200.248 -2.32852 -46.3507
-206.137 -2.32852 -34.9546
-112.979 -2.32852 28.1142
-118.837 -2.32852 46.4834
-112.938 3.79289 46.4701
-175.486 59.899 46.6107
-190.955 39.4119 46.6455
-205.985 59.899 33.0812
-205.954 11.9583 46.6792
-192.725 -2.32852 46.6494
-205.985 -2.32852 32.7837
-190.955 39.4119 46.6455
-205.98 25.526 35.2252
-205.985 59.899 33.0812
-190.955 39.4119 46.6455
-205.954 11.9583 46.6792
-205.98 25.526 35.2252
-112.963 59.899 35.3653
-112.938 47.8937 46.4701
-120.483 59.899 46.4871
-206.137 -2.32852 -34.9546
-200.248 -2.32852 -46.3507
-206.163 14.9034 -46.3373
-206.204 59.899 -34.3143
-119.623 -2.32852 -46.5318
-113.128 -2.32852 -38.4325
-113.147 5.64926 -46.5463
-124.547 59.899 -46.5206
-113.147 48.6931 -46.5463
-113.086 59.899 -19.5352
-190.955 39.4119 46.6455
-205.954 11.9583 46.6792
-205.985 59.899 33.0812
-206.163 41.1648 -46.3373
-193.377 59.899 -46.366
-206.204 59.899 -34.3143
-113.147 48.6931 -46.5463
-124.547 59.899 -46.5206
-193.377 59.899 -46.366
-205.985 59.899 33.0812
-206.204 59.899 -34.3143
-193.377 59.899 -46.366
-189.3 105.883 37.0175
-195.202 99.2162 37.0056
-199.185 101.157 31.5775
-199.173 105.883 25.5512
-195.202 62.8015 37.0057
-195.202 99.2162 37.0056
-189.3 105.883 37.0175
-178.3 59.8073 37.0398
-199.185 63.4688 31.5775
-199.185 101.157 31.5775
-195.202 99.2162 37.0056
-195.202 62.8015 37.0057
-184.067 105.883 -36.6043
-189.3 105.883 37.0175
-199.173 105.883 25.5512
-199.061 105.883 -29.7143
-194.417 59.8073 -36.6254
-184.067 105.883 -36.6043
-199.047 88.3941 -36.6347
-199.047 62.7456 -36.6347
-125.442 105.883 -23.133
-125.424 94.181 -32.0713
-125.564 59.8073 -36.2593
-125.548 59.8073 29.0078
-129.536 99.6887 -36.4938
-125.424 94.181 -32.0713
-125.442 105.883 -23.133
-133.232 105.883 -36.5013
-131.349 59.8073 37.135
-134.148 105.883 37.1294
-125.564 92.8827 37.1467
-125.564 68.6741 37.1467
-199.172 59.8073 25.2645
-199.173 105.883 25.5512
-199.185 101.157 31.5775
-199.185 63.4688 31.5775
-199.078 59.8073 -21.4829
-199.061 105.883 -29.7143
-133.232 105.883 -36.5013
-194.417 59.8073 -36.6254
-125.564 59.8073 -36.2593
-129.536 99.6887 -36.4938
-125.564 92.8827 37.1467
-125.564 68.6741 37.1467
-134.148 105.883 37.1294
-133.232 105.883 -36.5013
-125.442 105.883 -23.133
-125.552 105.883 31.0224
-134.148 105.883 37.1294
-184.067 105.883 -36.6043
-133.232 105.883 -36.5013
-134.148 105.883 37.1294
-194.417 59.8073 -36.6254
-199.172 59.8073 25.2645
-178.3 59.8073 37.0398
-125.564 59.8073 -36.2593
-199.078 59.8073 -21.4829
-125.564 59.8073 -36.2593
-125.552 105.883 31.0224
-125.564 92.8827 37.1467
-134.148 105.883 37.1294
-199.061 105.883 -29.7143
-199.047 88.3941 -36.6347
-184.067 105.883 -36.6043
-199.047 62.7456 -36.6347
-199.047 88.3941 -36.6347
-199.047 62.7456 -36.6347
-199.078 59.8073 -21.4829
-194.417 59.8073 -36.6254
-199.185 63.4688 31.5775
-195.202 62.8015 37.0057
-199.172 59.8073 25.2645
-195.202 62.8015 37.0057
-178.3 59.8073 37.0398
-199.172 59.8073 25.2645
-125.548 59.8073 29.0078
-131.349 59.8073 37.135
-125.564 68.6741 37.1467
-134.148 105.883 37.1294
-131.349 59.8073 37.135
-184.067 105.883 -36.6043
-125.552 105.883 31.0224
-131.349 59.8073 37.135
-125.548 59.8073 29.0078
-125.564 59.8073 -36.2593
-131.349 59.8073 37.135
-126.55 151.365 26.4042
-126.534 145.11 33.8035
-131.279 146.727 37.4106
-136.787 151.365 37.423
-126.534 145.11 33.8035
-126.55 151.365 26.4042
-126.672 151.365 -27.6686
-126.68 105.731 -31.2534
-136.787 151.365 37.423
-131.279 146.727 37.4106
-126.543 105.731 37.4087
-126.543 105.731 37.4087
-189.307 105.731 37.5409
-136.787 151.365 37.423
-199.616 123.614 -35.3627
-199.601 151.365 -28.8161
-199.505 151.365 13.857
-199.505 151.365 13.857
-199.464 105.731 32.0379
-199.616 123.614 -35.3627
-187.833 151.365 -35.3893
-199.616 123.614 -35.3627
-199.616 105.731 -35.3627
-132.023 105.731 -35.5147
-126.672 151.365 -27.6686
-199.601 151.365 -28.8161
-187.833 151.365 -35.3893
-137.854 151.365 -35.5016
-199.505 151.365 13.857
-126.55 151.365 26.4042
-184.052 151.365 37.5292
-199.505 151.365 13.857
-126.55 151.365 26.4042
-136.787 151.365 37.423
-126.689 142.353 -35.5267
-126.689 110.804 -35.5267
-184.052 151.365 37.5292
-199.452 122.656 37.5638
-199.452 143.07 37.5638
-199.452 122.656 37.5638
-199.452 143.07 37.5638
-126.689 142.353 -35.5267
-131.569 144.514 -35.5157
-126.689 110.804 -35.5267
-137.854 151.365 -35.5016
-132.981 150.025 -35.5125
-189.307 105.731 37.5409
-126.68 105.731 -31.2534
-132.023 105.731 -35.5147
-132.023 105.731 -35.5147
-199.464 105.731 32.0379
-189.307 105.731 37.5409
-126.543 105.731 37.4087
-199.601 151.365 -28.8161
-199.616 123.614 -35.3627
-187.833 151.365 -35.3893
-137.854 151.365 -35.5016
-132.981 150.025 -35.5125
-126.672 151.365 -27.6686
-132.981 150.025 -35.5125
-131.569 144.514 -35.5157
-126.672 151.365 -27.6686
-131.569 144.514 -35.5157
-126.689 142.353 -35.5267
-126.672 151.365 -27.6686
-132.023 105.731 -35.5147
-126.68 105.731 -31.2534
-126.689 110.804 -35.5267
-126.534 145.11 33.8035
-126.543 105.731 37.4087
-131.279 146.727 37.4106
-184.052 151.365 37.5292
-199.452 143.07 37.5638
-199.505 151.365 13.857
-189.307 105.731 37.5409
-199.464 105.731 32.0379
-199.452 122.656 37.5638
-126.543 105.731 37.4087
-199.616 105.731 -35.3627
-199.616 105.731 -35.3627
-133.777 163.164 -26.6383
-187.22 163.164 -26.5183
-185.57 151.618 -24.3385
-135.417 151.618 -24.4512
-187.22 163.164 -26.5183
-187.097 163.164 28.0013
-185.457 151.618 25.8141
-185.57 151.618 -24.3385
-137.95 176.324 -33.75
-194.216 176.324 -33.6235
-130.295 169.744 -30.2067
-126.794 176.324 -25.3472
-130.295 169.744 -30.2067
-133.777 163.164 -26.6383
-133.655 163.164 27.8812
-194.216 205.27 -33.6235
-194.216 176.324 -33.6235
-137.95 176.324 -33.75
-137.95 176.324 -33.75
-126.813 191.372 -33.775
-194.216 205.27 -33.6235
-126.813 205.27 -33.775
-126.813 191.372 -33.775
-126.794 176.324 -25.3472
-126.658 205.27 34.9864
-121.283 205.27 -39.4422
-199.772 205.27 -39.2658
-194.216 205.27 -33.6235
-126.813 205.27 -33.775
-199.772 205.27 -39.2658
-199.592 205.27 40.8051
-194.061 205.27 35.1379
-194.216 205.27 -33.6235
-199.592 211.701 40.8051
-199.592 205.27 40.8051
-199.772 205.27 -39.2658
-199.614 214.519 31.0688
-193.2 174.697 34.2554
-187.5 176.324 35.1232
-126.658 176.324 34.9864
-133.655 163.164 27.8812
-194.071 176.324 30.758
-193.2 174.697 34.2554
-194.061 183.716 35.1379
-194.071 176.324 30.758
-194.216 176.324 -33.6235
-194.216 205.27 -33.6235
-126.658 176.324 34.9864
-187.5 176.324 35.1232
-194.061 183.716 35.1379
-126.658 205.27 34.9864
-126.658 205.27 34.9864
-121.125 205.27 30.8144
-128.61 205.27 40.6455
-126.658 205.27 34.9864
-121.283 205.27 -39.4422
-121.125 205.27 30.8144
-121.103 214.519 40.6288
-121.283 214.519 -39.4422
-199.614 214.519 31.0688
-121.283 214.519 -39.4422
-121.103 214.519 40.6288
-121.103 214.519 40.6288
-191.386 214.519 40.7867
-199.614 214.519 31.0688
-139.431 151.618 25.7106
-135.317 151.618 20.4226
-135.417 151.618 -24.4512
-185.57 151.618 -24.3385
-134.677 156.011 26.5307
-185.457 151.618 25.8141
-187.097 163.164 28.0013
-135.417 151.618 -24.4512
-135.317 151.618 20.4226
-133.655 163.164 27.8812
-133.777 163.164 -26.6383
-191.386 214.519 40.7867
-128.61 205.27 40.6455
-199.592 205.27 40.8051
-199.592 211.701 40.8051
-199.762 214.519 -34.8747
-199.772 211.851 -39.2658
-175.565 214.519 -39.3202
-199.772 211.851 -39.2658
-121.283 205.27 -39.4422
-121.283 214.519 -39.4422
-121.125 205.27 30.8144
-128.61 205.27 40.6455
-121.103 214.519 40.6288
-199.772 205.27 -39.2658
-175.565 214.519 -39.3202
-191.386 214.519 40.7867
-199.592 211.701 40.8051
-199.614 214.519 31.0688
-193.2 174.697 34.2554
-194.071 176.324 30.758
-187.5 176.324 35.1232
-194.071 176.324 30.758
-194.061 183.716 35.1379
-187.5 176.324 35.1232
-199.762 214.519 -34.8747
-199.772 211.851 -39.2658
-175.565 214.519 -39.3202
-137.95 176.324 -33.75
-126.794 176.324 -25.3472
-126.813 191.372 -33.775
-137.95 176.324 -33.75
-130.295 169.744 -30.2067
-126.794 176.324 -25.3472
-121.103 214.519 40.6288
-126.813 205.27 -33.775
-126.658 176.324 34.9864
-194.061 205.27 35.1379
-194.061 205.27 35.1379
-126.658 176.324 34.9864
-194.216 176.324 -33.6235
-139.431 151.618 25.7106
-134.677 156.011 26.5307
-139.431 151.618 25.7106
-134.677 156.011 26.5307
-135.317 151.618 20.4226
-185.457 151.618 25.8141
-121.125 205.27 30.8144
-199.762 214.519 -34.8747
-175.565 214.519 -39.3202
-156.747 300.175 -31.9268
-176.982 252.771 -31.9268
-138.922 243.476 -31.9268
-124.757 282.781 -31.9268
-156.747 300.177 24.5105
-124.757 282.787 24.5105
-138.922 243.478 24.5105
-176.982 252.772 24.5105
-183.908 207.475 -31.9268
-183.908 207.475 24.5105
-141.635 207.735 24.5105
-141.635 207.734 -31.9268
-124.757 282.784 -38.0936
-138.922 243.478 -38.0936
-127.826 240.795 -38.0936
-113.032 276.279 -38.0936
-176.982 252.772 -38.0936
-156.747 300.175 -38.0936
-166.615 305.577 -38.0936
-166.615 305.577 -38.0936
-188.078 255.503 -38.0936
-176.982 252.772 -38.0936
-166.615 305.577 30.6773
-156.747 300.177 30.6773
-176.982 252.772 30.6773
-188.078 255.504 30.6773
-138.922 243.478 30.6773
-124.757 282.788 30.6773
-113.032 276.279 30.6773
-127.826 240.795 30.6773
-95.1059 312.988 -38.0936
-94.6685 313.387 -31.9268
-124.757 282.781 -31.9268
-124.757 282.784 -38.0936
-138.922 243.478 -38.0936
-124.757 282.784 -38.0936
-124.757 282.781 -31.9268
-138.922 243.476 -31.9268
-113.032 276.279 -38.0936
-127.826 240.795 -38.0936
-127.826 240.795 30.6773
-113.032 276.279 30.6773
-156.747 300.175 -31.9268
-156.747 300.175 -38.0936
-176.982 252.772 -38.0936
-176.982 252.771 -31.9268
-176.982 252.772 30.6773
-156.747 300.177 30.6773
-156.747 300.177 24.5105
-176.982 252.772 24.5105
-196.232 207.418 30.6772
-183.908 207.475 30.6772
-196.232 207.418 -38.0936
-166.615 305.577 30.6773
-188.078 255.504 30.6773
-188.078 255.503 -38.0936
-166.615 305.577 -38.0936
-141.635 207.735 30.6773
-129.311 207.795 30.6773
-129.311 207.796 -38.0936
-124.757 282.788 30.6773
-138.922 243.478 30.6773
-138.922 243.478 24.5105
-124.757 282.787 24.5105
-89.3483 318.375 24.5105
-88.6364 319.067 30.6773
-124.757 282.788 30.6773
-124.757 282.787 24.5105
-95.1059 312.988 -38.0936
-83.4371 308.841 -38.0936
-122.332 341.837 -38.0936
-156.747 300.175 -38.0936
-156.747 300.175 -31.9268
-120.229 343.766 -31.9268
-83.4371 308.841 -38.0936
-76.3339 315.581 30.6773
-123.153 355.443 30.6773
-126.512 352.361 -38.0936
-113.032 276.279 30.6773
-124.757 282.788 30.6773
-88.6364 319.067 30.6773
-76.3339 315.581 30.6773
-111.888 351.507 30.6773
-111.638 351.737 24.5105
-99.946 331.925 -7.32979
-111.638 351.737 24.5105
-123.153 355.443 30.6773
-120.229 343.766 -31.9268
-95.1059 312.988 -38.0936
-83.4371 308.841 -38.0936
-76.3339 315.581 30.6773
-94.6685 313.387 -31.9268
-123.153 355.443 30.6773
-111.888 351.507 30.6773
-103.38 321.876 24.5105
-89.3483 318.375 24.5105
-124.757 282.787 24.5105
-156.747 300.177 24.5105
-114.084 320.349 -31.9268
-120.229 343.766 -31.9268
-166.615 305.577 -38.0936
-156.747 300.175 -38.0936
-122.332 341.837 -38.0936
-126.512 352.361 -38.0936
-141.635 207.734 -38.0936
-183.908 207.475 -38.0936
-94.6685 313.387 -31.9268
-111.638 351.737 24.5105
-123.153 355.443 30.6773
-111.638 351.737 24.5105
-111.888 351.507 30.6773
-126.512 352.361 -38.0936
-120.229 343.766 -31.9268
-126.512 352.361 -38.0936
-122.332 341.837 -38.0936
-103.38 321.876 24.5105
-99.946 331.925 -7.32979
-89.3483 318.375 24.5105
-111.638 351.737 24.5105
-99.946 331.925 -7.32979
-103.38 321.876 24.5105
-94.6685 313.387 -31.9268
-99.946 331.925 -7.32979
-114.084 320.349 -31.9268
-76.3339 315.581 30.6773
-99.946 331.925 -7.32979
-94.6685 313.387 -31.9268
-76.3339 315.581 30.6773
-89.3483 318.375 24.5105
-76.3339 315.581 30.6773
-88.6364 319.067 30.6773
-99.946 331.925 -7.32979
-120.229 343.766 -31.9268
-114.084 320.349 -31.9268
-176.982 252.771 -31.9268
-183.908 207.475 -31.9268
-141.635 207.734 -31.9268
-138.922 243.476 -31.9268
-141.635 207.734 -31.9268
-141.635 207.734 -38.0936
-138.922 243.478 -38.0936
-138.922 243.476 -31.9268
-138.922 243.478 -38.0936
-141.635 207.734 -38.0936
-129.311 207.796 -38.0936
-127.826 240.795 -38.0936
-127.826 240.795 -38.0936
-129.311 207.796 -38.0936
-129.311 207.795 30.6773
-127.826 240.795 30.6773
-129.311 207.795 30.6773
-141.635 207.735 30.6773
-141.635 207.735 30.6773
-141.635 207.735 24.5105
-176.982 252.772 24.5105
-138.922 243.478 24.5105
-141.635 207.735 24.5105
-183.908 207.475 24.5105
-183.908 207.475 24.5105
-183.908 207.475 30.6772
-176.982 252.772 30.6773
-176.982 252.772 24.5105
-188.078 255.504 30.6773
-176.982 252.772 30.6773
-183.908 207.475 30.6772
-196.232 207.418 30.6772
-188.078 255.504 30.6773
-196.232 207.418 30.6772
-196.232 207.418 -38.0936
-188.078 255.503 -38.0936
-196.232 207.418 -38.0936
-183.908 207.475 -38.0936
-176.982 252.772 -38.0936
-183.908 207.475 -38.0936
-183.908 207.475 -31.9268
-176.982 252.771 -31.9268
90.8318 362.914 -31.7997
71.132 329.265 -31.7997
96.0078 307.516 -31.7997
124.228 336.77 -31.7992
90.8309 362.914 25.4015
124.23 336.777 25.4021
95.9394 307.57 25.4015
71.0933 329.265 25.4015
46.1951 383.726 -31.7997
37.5088 343.67 -31.7997
46.195 383.726 25.4015
37.4983 343.67 25.4015
71.132 329.265 -38.05
65.3089 319.417 -38.05
88.4015 299.979 -38.05
96.035 307.511 -38.05
124.228 336.777 -38.0494
131.64 344.099 -38.0494
96.6848 371.925 -38.05
90.8318 362.914 -38.05
96.6848 371.925 31.6517
131.64 344.099 31.6523
124.23 336.78 31.6523
90.8309 362.914 31.6518
88.4014 299.978 31.6518
65.3089 319.417 31.6518
71.1465 329.265 31.6517
96.0341 307.508 31.6518
37.526 343.67 -38.05
35.0541 332.962 -38.05
48.9212 394.246 -38.05
46.195 383.726 -38.05
48.9212 394.246 31.6517
46.195 383.726 31.6518
35.0541 332.962 31.6518
37.526 343.67 31.6518
71.132 329.265 -38.05
71.132 329.265 -31.7997
37.5088 343.67 -31.7997
37.526 343.67 -38.05
96.035 307.511 -38.05
96.0078 307.516 -31.7997
88.4015 299.979 -38.05
65.3089 319.417 -38.05
65.3089 319.417 31.6518
88.4014 299.978 31.6518
35.0541 332.962 -38.05
35.0541 332.962 31.6518
163.622 278.799 -38.0255
147.739 302.95 -38.05
147.739 302.951 -31.7997
147.739 302.951 -31.7997
164.198 276.552 -31.7753
163.622 278.799 -38.0255
90.8318 362.914 -38.05
90.8318 362.914 -31.7997
124.228 336.77 -31.7992
124.228 336.777 -38.0494
46.195 383.726 -38.05
46.1951 383.726 -31.7997
90.8309 362.914 31.6518
90.8309 362.914 25.4015
46.195 383.726 25.4015
46.195 383.726 31.6518
124.23 336.78 31.6523
124.23 336.777 25.4021
131.64 344.099 31.6523
96.6848 371.925 31.6517
96.6848 371.925 -38.05
131.64 344.099 -38.0494
48.9212 394.246 31.6517
48.9212 394.246 -38.05
71.1465 329.265 31.6517
71.0933 329.265 25.4015
95.9394 307.57 25.4015
96.0341 307.508 31.6518
37.526 343.67 31.6518
37.4983 343.67 25.4015
-103.38 321.876 24.5105
-84.1549 367.466 25.4015
-67.1375 333.898 25.3907
-89.3483 318.375 24.5105
1.28184 388.068 -31.7997
-43.7412 383.746 -31.7997
-34.8902 343.868 -31.7997
1.22878 348.176 -31.7997
1.28184 388.068 25.4015
1.23005 348.176 25.4015
-34.9235 343.867 25.4015
-43.7412 383.746 25.4015
-83.4371 308.841 -38.0936
-62.0095 324.059 -38.0608
-67.1366 333.898 -38.0608
-95.1059 312.988 -38.0936
-126.512 352.361 -38.0936
-122.332 341.837 -38.0936
-83.771 366.996 -38.05
-83.771 366.996 -38.05
-90.1052 375.722 -38.05
-126.512 352.361 -38.0936
-90.4037 376.087 31.6517
-84.1358 367.442 31.6518
-111.888 351.507 30.6773
-123.153 355.443 30.6773
-76.3339 315.581 30.6773
-88.6364 319.067 30.6773
-67.1373 333.898 31.6409
-62.0095 324.059 31.641
1.22819 348.176 -38.05
-34.8706 343.868 -38.05
-32.3293 333.184 -38.05
1.21313 336.557 -38.05
-43.7412 383.746 -38.05
1.28184 388.068 -38.05
1.29488 399.698 -38.05
-46.0877 394.399 -38.05
1.29488 399.698 31.6517
1.28184 388.068 31.6518
-43.7412 383.746 31.6517
-46.0877 394.399 31.6517
-32.3293 333.184 31.6518
-34.8706 343.868 31.6517
1.22819 348.176 31.6518
1.21313 336.557 31.6517
-34.8706 343.868 -38.05
1.22819 348.176 -38.05
1.22878 348.176 -31.7997
-34.8902 343.868 -31.7997
1.21313 336.557 -38.05
-32.3293 333.184 -38.05
-32.3293 333.184 31.6518
1.21313 336.557 31.6517
-120.229 343.766 -31.9268
-83.794 367.025 -31.7997
-83.771 366.996 -38.05
-122.332 341.837 -38.0936
1.28184 388.068 -38.05
-43.7412 383.746 -38.05
-43.7412 383.746 -31.7997
1.28184 388.068 -31.7997
-43.7412 383.746 31.6517
1.28184 388.068 31.6518
1.28184 388.068 25.4015
-43.7412 383.746 25.4015
-111.638 351.737 24.5105
-111.888 351.507 30.6773
-84.1358 367.442 31.6518
-84.1549 367.466 25.4015
-90.1052 375.722 -38.05
-90.4037 376.087 31.6517
-123.153 355.443 30.6773
-126.512 352.361 -38.0936
1.29488 399.698 31.6517
-46.0877 394.399 31.6517
-46.0877 394.399 -38.05
1.29488 399.698 -38.05
1.22819 348.176 31.6518
-34.8706 343.868 31.6517
-34.9235 343.867 25.4015
1.23005 348.176 25.4015
-67.1366 333.898 -38.0608
-67.1391 333.898 -31.8105
-94.6685 313.387 -31.9268
-95.1059 312.988 -38.0936
-89.3483 318.375 24.5105
-67.1375 333.898 25.3907
-67.1373 333.898 31.6409
-88.6364 319.067 30.6773
130.086 249.024 -37.8042
114.438 283.644 -38.05
104.868 277.865 -38.05
120.067 240.167 -37.8042
114.431 283.652 31.6518
114.426 283.655 25.4015
134.561 234.662 25.426
133.99 232.045 31.6762
157.693 308.454 31.6518
157.693 308.454 -38.05
174.324 282.793 -38.0255
177.279 270.574 -2.73634
114.436 283.642 -31.7997
114.438 283.644 -38.05
130.086 249.024 -37.8042
130.278 248.104 -31.5651
144.596 269.427 -31.5651
114.436 283.642 -31.7997
130.278 248.104 -31.5651
136.972 252.905 -31.5651
174.324 282.793 -38.0255
157.693 308.454 -38.05
147.739 302.95 -38.05
163.622 278.799 -38.0255
176.894 272.053 31.7733
166.109 267.996 31.7733
147.739 302.952 31.6518
157.693 308.454 31.6518
104.868 277.865 31.6518
114.431 283.652 31.6518
133.99 232.045 31.6762
123.458 222.967 31.7733
147.737 302.953 25.4015
147.739 302.952 31.6518
166.109 267.996 31.7733
166.109 267.996 31.7733
166.177 267.732 25.5342
147.737 302.953 25.4015
140.469 255.538 -2.89588
177.279 270.574 -2.73634
164.198 276.552 -31.7753
144.596 269.427 -31.5651
176.894 272.053 31.7733
177.279 270.574 -2.73634
166.177 267.732 25.5342
166.109 267.996 31.7733
123.458 222.967 31.7733
133.99 232.045 31.6762
134.561 234.662 25.426
120.067 240.167 -37.8042
-100.07 322.055 -2.9204
-83.4371 308.841 -38.0936
-94.6685 313.387 -31.9268
-114.085 320.349 -31.9268
-100.07 322.055 -2.9204
-110.973 355.353 -2.9204
-111.638 351.737 24.5105
-103.38 321.876 24.5105
-126.512 352.361 -38.0936
-110.973 355.353 -2.9204
-120.229 343.766 -31.9268
-122.332 341.837 -38.0936
-76.3339 315.581 30.6773
-89.3483 318.375 24.5105
-88.6364 319.067 30.6773
174.324 282.793 -38.0255
163.622 278.799 -38.0255
140.469 255.538 -2.89588
144.175 258.429 25.426
164.198 276.552 -31.7753
147.739 302.951 -31.7997
134.561 234.662 25.426
114.426 283.655 25.4015
147.737 302.953 25.4015
144.175 258.429 25.426
-103.38 321.876 24.5105
-100.07 322.055 -2.9204
-114.085 320.349 -31.9268
-114.085 320.349 -31.9268
-94.6685 313.387 -31.9268
-67.1391 333.898 -31.8105
-83.794 367.025 -31.7997
-120.229 343.766 -31.9268
-62.0095 324.059 31.641
-62.0095 324.059 -38.0608
-83.4371 308.841 -38.0936
120.067 240.167 -37.8042
104.868 277.865 -38.05
104.868 277.865 31.6518
166.177 267.732 25.5342
136.972 252.905 -31.5651
140.469 255.538 -2.89588
144.596 269.427 -31.5651
144.175 258.429 25.426
140.469 255.538 -2.89588
130.086 249.024 -37.8042
120.067 240.167 -37.8042
130.278 248.104 -31.5651
-111.888 351.507 30.6773
-110.973 355.353 -2.9204
-123.153 355.443 30.6773
-123.153 355.443 30.6773
-110.973 355.353 -2.9204
-126.512 352.361 -38.0936
140.469 255.538 -2.89588
176.894 272.053 31.7733
123.458 222.967 31.7733
-76.3339 315.581 30.6773
-95.1059 312.988 -38.0936
-111.638 351.737 24.5105
-111.888 351.507 30.6773
136.972 252.905 -31.5651
-43.7412 383.746 25.4015
-34.9235 343.867 25.4015
-84.1549 367.466 25.4015
-84.1358 367.442 31.6518
-83.771 366.996 -38.05
-83.794 367.025 -31.7997
-43.7412 383.746 -31.7997
-34.8902 343.868 -31.7997
124.228 336.77 -31.7992
96.0078 307.516 -31.7997
124.23 336.777 25.4021
95.9394 307.57 25.4015
104.868 277.865 31.6518
104.868 277.865 -38.05
163.853 276.751 -31.5651
144.596 269.427 -31.5651
136.972 252.905 -31.5651
177.125 208.077 -31.5896
137.276 235.619 25.5342
177.125 208.078 25.5097
134.357 208.341 25.5097
133.254 234.18 25.5342
177.125 208.077 -31.5896
134.357 208.34 -31.5896
134.357 208.341 25.5097
177.125 208.078 25.5097
120.067 240.167 -37.8042
121.888 208.402 -37.8287
134.357 208.34 -37.8287
130.086 249.024 -37.8042
177.125 208.077 -37.8287
189.594 208.019 -37.8287
173.976 282.966 -37.8041
163.283 278.965 -37.8041
176.894 272.053 31.7733
189.594 208.019 31.7488
177.125 208.078 31.7489
166.109 267.996 31.7733
134.357 208.341 31.7489
121.888 208.402 31.7489
123.458 222.967 31.7733
133.715 232.046 31.7733
134.357 208.34 -37.8287
134.357 208.34 -31.5896
130.278 248.104 -31.5651
130.086 249.024 -37.8042
120.067 240.167 -37.8042
123.458 222.967 31.7733
121.888 208.402 31.7489
121.888 208.402 -37.8287
166.109 267.996 31.7733
177.125 208.078 31.7489
177.125 208.078 25.5097
166.177 267.732 25.5342
189.594 208.019 31.7488
189.594 208.019 -37.8287
177.125 208.078 25.5097
177.125 208.078 31.7489
189.594 208.019 31.7488
176.894 272.053 31.7733
177.279 270.574 -2.73634
189.594 208.019 -37.8287
134.357 208.341 31.7489
121.888 208.402 -37.8287
121.888 208.402 31.7489
134.357 208.341 31.7489
133.715 232.046 31.7733
133.254 234.18 25.5342
134.357 208.341 25.5097
177.125 208.077 -31.5896
177.125 208.077 -37.8287
163.283 278.965 -37.8041
163.853 276.751 -31.5651
173.976 282.966 -37.8041
177.279 270.574 -2.73634
163.853 276.751 -31.5651
163.283 278.965 -37.8041
140.676 256.078 -2.73724
177.279 270.574 -2.73634
166.177 267.732 25.5342
144.175 258.429 25.426
130.278 248.104 -31.5651
136.972 252.905 -31.5651
140.676 256.078 -2.73724
120.067 240.167 -37.8042
123.458 222.967 31.7733
120.067 240.167 -37.8042
133.254 234.18 25.5342
133.715 232.046 31.7733
120.067 240.167 -37.8042
140.676 256.078 -2.73724
137.276 235.619 25.5342
133.254 234.18 25.5342
176.894 272.053 31.7733
166.109 267.996 31.7733
166.177 267.732 25.5342
177.279 270.574 -2.73634
140.676 256.078 -2.73724
144.596 269.427 -31.5651
130.278 248.104 -31.5651
134.357 208.34 -31.5896
144.175 258.429 25.426
166.177 267.732 25.5342
189.594 208.019 -37.8287
134.357 208.34 -37.8287
177.125 208.077 -37.8287
144.596 269.427 -31.5651
140.676 256.078 -2.73724
136.972 252.905 -31.5651
144.175 258.429 25.426
130.086 249.024 -37.8042
173.976 282.966 -37.8041
INDEX = 792
80 82 81
39 41 38
38 40 39
40 87 86
74 76 75
36 70 35
35 37 36
10 12 11
12 10 13
13 18 12
18 13 19
20 18 19
18 20 21
71 73 72
0 2 1
2 0 3
1190 1192 1191
1190 1210 1192
1180 1164 1181
1164 1180 1163
1162 1164 1163
1164 1162 1165
67 69 68
1160 1214 1159
1158 1160 1159
1160 1158 1161
64 66 65
1150 1152 1151
1152 1150 1153
1153 1198 1152
1197 1152 1198
61 63 62
1171 1148 1172
1148 1171 1147
1146 1148 1147
1148 1146 1149
58 60 59
1169 1144 1170
1144 1169 1143
1142 1144 1143
1144 1142 1145
55 57 56
1080 1082 1081
1082 1080 1083
1068 1070 1069
1070 1068 1071
932 934 933
934 932 935
926 928 927
928 926 929
922 924 923
924 922 925
918 920 919
920 918 921
914 916 915
916 914 917
906 908 907
908 906 909
902 904 903
904 902 905
898 900 899
900 898 901
894 896 895
896 894 897
802 804 803
804 802 805
794 796 795
796 794 797
790 792 791
792 790 793
786 788 787
788 786 789
786 910 789
910 786 911
764 766 765
766 764 767
724 718 719
717 719 718
719 717 720
52 54 53
752 708 709
707 709 708
709 707 710
49 51 50
700 702 701
702 700 703
703 700 756
656 658 657
658 656 659
658 659 746
42 44 43
646 648 647
648 646 649
649 646 749
643 636 644
636 643 645
636 645 635
635 637 636
637 635 638
604 605 634
604 606 605
602 607 601
601 603 602
599 597 575
597 599 600
575 577 576
577 575 578
578 575 597
596 578 597
578 596 598
31 30 32
30 28 79
30 31 28
31 27 28
26 28 27
28 26 29
47 45 48
45 47 46
7 46 47
46 7 8
7 9 8
585 587 586
587 585 588
559 561 560
561 559 562
562 589 561
589 562 590
562 559 632
4 6 5
555 557 556
557 555 558
513 515 514
515 513 516
497 499 498
499 497 500
489 491 490
491 489 492
511 492 489
492 511 512
511 489 550
485 487 486
487 485 488
477 479 478
479 477 480
473 475 474
475 473 476
475 476 547
547 476 548
469 471 470
471 469 472
419 421 418
418 420 419
420 467 466
1322 1324 1323
416 450 415
415 417 416
402 404 403
404 402 405
405 402 457
405 457 458
1156 1212 1155
1167 1166 1168
1166 1167 1155
1167 1154 1155
1154 1156 1155
1156 1154 1157
1154 1167 1179
394 396 395
396 394 397
397 413 396
413 397 414
414 468 413
1205 1207 1206
390 392 391
392 390 393
393 398 392
398 393 399
400 398 399
398 400 401
1202 1204 1203
380 382 381
382 380 383
344 338 339
337 339 338
339 337 340
1199 1201 1200
1201 1208 1200
1201 1215 1208
320 322 321
322 320 323
323 320 376
315 345 314
314 316 315
310 312 311
312 310 313
302 304 303
304 302 305
304 305 367
1194 1196 1195
298 300 299
300 298 301
301 298 368
288 290 289
290 288 291
335 290 291
290 335 336
1182 1184 1183
1186 1185 1182
1184 1182 1185
1222 1184 1185
1184 1222 1223
377 308 309
285 309 308
309 285 286
284 286 285
286 284 287
1120 1174 1173
1224 1121 1225
1121 1224 1174
1174 1120 1121
1120 1122 1121
1122 1120 1123
280 282 281
282 280 283
280 306 283
306 280 307
276 278 277
278 276 279
278 279 366
1139 1141 1140
266 268 267
268 266 269
269 266 369
263 256 264
256 263 265
256 265 255
255 257 256
257 255 258
219 217 195
217 219 220
195 197 196
197 195 198
198 195 217
216 198 217
198 216 218
1030 1032 1031
205 207 206
207 205 208
179 181 180
181 179 182
182 209 181
209 182 210
182 179 252
1016 1014 1017
1216 1016 1217
1016 1216 1015
1014 1016 1015
1015 1213 1014
175 177 176
177 175 178
133 135 134
135 133 136
117 119 118
119 117 120
109 111 110
111 109 112
131 112 109
112 131 132
131 109 170
105 107 106
107 105 108
97 99 98
99 97 100
93 95 94
95 93 96
95 96 167
167 96 168
89 91 90
91 89 92
14 16 15
16 14 17
17 33 16
33 17 34
34 88 33
987 989 988
1309 1311 1310
1311 1309 1312
1307 1325 1306
1305 1307 1306
1307 1305 1308
891 893 892
1301 1303 1302
1303 1301 1304
1297 1299 1298
1299 1297 1300
1297 1326 1300
1293 1295 1294
1295 1293 1296
1313 1291 1314
1291 1313 1290
1289 1291 1290
1291 1289 1292
888 890 889
1285 1287 1286
1287 1285 1288
1281 1283 1282
1283 1281 1284
1278 1279 1240
1279 1278 1280
1239 1279 1320
1240 1279 1239
1238 1240 1239
1240 1238 1241
1238 1319 1241
1319 1238 1321
884 886 885
1274 1276 1275
1276 1274 1277
1277 1327 1276
881 883 882
1270 1272 1271
1272 1270 1273
1266 1268 1267
1268 1266 1269
1262 1264 1263
1264 1262 1265
1258 1260 1259
1260 1258 1261
1254 1256 1255
1256 1254 1257
1250 1252 1251
1252 1250 1253
1246 1248 1247
1248 1246 1249
1242 1244 1243
1244 1242 1245
860 862 861
862 860 863
858 760 859
760 858 763
762 760 763
760 762 761
763 858 866
854 856 855
856 854 857
857 854 867
784 782 785
782 784 783
783 852 782
852 783 853
848 850 849
850 848 851
844 846 845
846 844 847
846 847 871
878 880 879
838 840 839
840 838 841
830 832 831
832 830 833
824 826 825
826 824 827
695 725 694
694 696 695
690 692 691
692 690 693
224 225 254
224 226 225
222 227 221
221 223 222
757 688 689
665 689 688
689 665 666
664 666 665
666 664 667
875 877 876
877 887 876
872 874 873
686 660 687
660 686 663
662 660 663
660 662 661
868 870 869
682 684 683
684 682 685
684 685 747
812 865 768
817 819 818
819 817 770
770 771 819
770 768 771
768 770 769
768 769 812
769 810 812
810 769 811
771 864 819
779 781 780
781 930 780
930 781 931
678 680 679
680 678 681
681 678 748
1230 1232 1231
1232 1230 1233
1316 1232 1233
1232 1316 1315
776 778 777
1024 1022 1025
1022 1024 1023
1023 946 1022
946 1023 947
943 946 947
946 943 940
942 940 943
940 942 941
699 759 758
697 699 698
753 755 754
676 640 677
640 676 639
639 641 640
641 639 642
639 676 750
741 743 742
672 674 673
674 672 675
675 672 706
706 704 675
704 706 705
751 704 705
738 740 739
1218 1076 1219
1076 1218 1079
1078 1076 1079
1076 1078 1077
1078 999 1077
999 1078 998
998 996 999
996 998 997
997 1000 996
1000 997 1001
1001 1137 1000
1137 1001 1136
1136 1138 1137
1187 1211 1189
1187 1189 1188
1065 1187 1188
1187 1065 1066
1064 1066 1065
1066 1064 1067
1064 983 1067
983 1064 982
982 980 983
980 982 979
978 980 979
980 978 981
978 1228 981
1228 978 1229
735 737 736
1040 1042 1041
1042 1040 1043
1043 1057 1042
1057 1043 1056
1056 1058 1057
1058 1056 1059
970 1058 1059
1058 970 971
961 971 970
971 961 962
960 962 961
962 960 963
960 1133 963
1133 960 1132
1132 1134 1133
1134 1132 1135
1052 1054 1053
1054 1052 1055
1055 1037 1054
1037 1055 1036
1036 1038 1037
1038 1036 1039
1128 1130 1129
1130 1128 1131
957 1130 1131
1130 957 958
956 958 957
958 956 959
968 959 956
959 968 969
968 1053 969
1053 968 1052
1118 1116 1119
1116 1118 1117
1117 977 1116
977 1117 976
976 973 977
973 976 972
972 974 973
974 972 975
975 1062 974
1062 975 1061
1060 1062 1061
1062 1060 1063
1060 1097 1063
1097 1060 1096
1096 1098 1097
1098 1096 1099
732 734 733
948 950 949
950 948 951
951 1106 950
1106 951 1105
1104 1106 1105
1106 1104 1107
1028 1026 1029
1026 1028 1027
1045 1027 1028
1027 1045 1046
1044 1046 1045
1046 1044 1047
1044 965 1047
965 1044 964
964 949 965
949 964 948
1088 1007 1091
1090 1088 1091
1088 1090 1089
1084 1089 1090
1089 1084 1085
1084 1086 1085
1086 1084 1087
1112 1209 1115
1114 1112 1115
1112 1114 1113
1113 1002 1112
1002 1113 1005
1004 1002 1005
1002 1004 1003
1004 1006 1003
1006 1004 1007
1007 1088 1006
1110 1108 1111
1108 1110 1109
1109 1011 1108
1011 1109 1010
1010 1008 1011
1008 1010 1009
1009 1012 1008
1012 1009 1013
1013 1092 1012
1092 1013 1095
1094 1092 1095
1092 1094 1093
1101 1093 1094
1093 1101 1102
1100 1102 1101
1102 1100 1103
1126 1124 1127
1124 1126 1125
1126 953 1125
953 1126 952
952 954 953
954 952 955
955 966 954
966 955 967
967 1050 966
1050 967 1049
1048 1050 1049
1050 1048 1051
1048 1034 1051
1034 1048 1033
1033 1035 1034
729 731 730
984 986 985
986 993 985
993 986 992
992 990 993
990 992 991
991 994 990
994 991 995
995 1072 994
1072 995 1075
1074 1072 1075
1072 1074 1073
1221 1073 1074
1073 1221 1220
25 77 78
25 22 77
24 22 25
22 24 23
259 296 370
260 296 259
259 261 260
261 259 262
296 260 297
371 324 325
324 326 325
326 324 295
295 292 326
294 292 295
292 294 293
670 715 716
715 670 671
670 668 671
668 670 669
726 728 727
816 836 837
836 816 813
815 813 816
813 815 814
821 913 912
913 821 822
820 822 821
822 820 823
1018 1020 1019
1020 1018 1021
1018 945 1021
945 1018 944
944 937 945
937 944 936
936 938 937
938 936 939
721 723 722
1177 1178 1193
1177 1175 1178
1175 1177 1176
1226 1176 1177
1176 1226 1227
1234 1318 1317
1318 1234 1235
1234 1236 1235
1236 1234 1237
712 744 711
711 713 712
713 711 714
372 328 329
327 329 328
329 327 330
517 481 482
481 483 482
483 481 484
653 655 654
654 655 745
650 652 651
772 774 773
774 772 775
828 775 772
775 828 829
798 800 799
800 798 801
834 801 798
801 834 835
808 806 809
806 808 807
808 842 807
842 808 843
629 631 630
83 85 84
626 628 627
137 101 102
101 103 102
103 101 104
623 625 624
146 113 114
113 115 114
115 113 116
620 622 621
153 125 154
154 125 126
125 122 126
122 125 121
121 123 122
123 121 124
617 619 618
128 169 127
127 129 128
129 127 130
614 616 615
138 140 139
611 613 612
145 141 142
141 143 142
143 141 144
143 144 174
147 149 148
608 610 609
150 152 151
579 583 584
583 579 580
579 581 580
581 579 582
155 157 156
572 594 595
594 572 573
572 574 573
573 574 633
569 571 570
158 160 159
566 568 567
567 568 592
591 592 568
592 591 593
563 565 564
161 163 162
551 553 552
164 166 165
544 546 545
171 173 172
541 543 542
183 185 184
538 540 539
186 188 187
187 188 212
211 212 188
212 211 213
189 191 190
535 537 536
192 214 215
214 192 193
192 194 193
193 194 253
199 203 204
203 199 200
199 201 200
201 199 202
530 532 531
228 230 229
527 529 528
231 233 232
525 521 522
521 523 522
523 521 524
523 524 554
518 520 519
234 236 235
508 549 507
507 509 508
509 507 510
237 239 238
533 505 534
534 505 506
505 502 506
502 505 501
501 503 502
503 501 504
240 242 241
526 493 494
493 495 494
495 493 496
243 245 244
463 465 464
246 248 247
460 462 461
249 251 250
410 408 459
411 410 412
410 411 408
411 407 408
406 408 407
408 406 409
270 272 271
454 456 455
273 275 274
274 275 365
317 319 318
319 379 378
332 364 331
331 333 332
333 331 334
451 453 452
341 343 342
447 449 448
346 348 347
444 446 445
349 351 350
441 443 442
352 354 353
438 440 439
355 357 356
435 437 436
358 360 359
432 434 433
361 363 362
429 431 430
373 375 374
422 424 423
384 386 385
427 425 428
425 427 426
387 426 427
426 387 388
387 389 388
FACE-NORMAL = 792
0.619095 0.422547 0.661948
0.0 1.0 0.0
0.0 1.0 0.0
0.0 1.0 0.0
-0.672182 0.683871 0.283711
0.0 1.0 0.0
0.0 1.0 0.0
-1.0 0.0 0.0
-1.0 0.0 0.0
-1.0 0.0 0.0
-1.0 0.0 0.0
-1.0 0.0 0.0
-1.0 0.0 0.0
-0.659939 -0.535736 0.526752
0.0 0.0 -1.0
0.0 0.0 -1.0
-0.927451 -0.373945 -1.01517e-006
-0.946624 -0.320634 -0.0331319
-0.871231 -0.228596 0.434396
-0.873827 -0.286137 0.393132
-0.851916 -0.332431 0.404634
-0.853045 -0.338813 0.396889
0.848851 -0.291365 0.441088
-0.984333 -0.170135 -0.0462877
-0.948403 -0.310557 -0.0639299
-0.957174 -0.264717 -0.117231
-0.73386 0.461275 -0.498672
0.630852 -0.734548 -0.249931
0.648569 -0.730947 -0.212308
0.806724 -0.543384 -0.232227
0.923842 -0.373725 -0.0827394
0.763089 0.416906 -0.493846
0.388902 -0.920272 0.0430692
0.377367 -0.924413 0.0552762
0.351419 -0.935183 0.0440037
0.351701 -0.935103 0.0434634
0.633986 0.0481435 -0.771844
0.328023 -0.878965 -0.346152
0.337057 -0.880579 -0.333127
0.356897 -0.870108 -0.339908
0.312787 -0.871674 -0.377291
0.601518 -0.556979 -0.572669
0.49822 -0.866967 -0.0120632
0.496824 -0.867838 -0.00477221
0.538057 -0.842889 0.00579378
0.544825 -0.835148 0.0754582
0.988512 -0.151141 0.0
0.988511 -0.151147 -4.56268e-005
-0.985925 0.167186 0.0
-0.985925 0.167187 -1.48381e-007
-3.99601e-007 -1.62322e-006 1.0
0.0 -1.58788e-006 1.0
0.988512 -0.151144 0.0
0.988512 -0.151144 0.0
-4.86192e-007 -1.99091e-006 1.0
0.0 -1.60161e-006 1.0
0.998989 -0.0449588 0.0
0.998989 -0.0449588 0.0
0.0 2.1353e-006 -1.0
5.52937e-007 2.28709e-006 -1.0
-0.997131 0.075691 0.0
-0.997131 0.0756935 1.46088e-005
0.0 1.68593e-006 -1.0
5.11772e-007 2.09571e-006 -1.0
0.919708 -0.392602 0.0
0.919714 -0.392589 -0.000118511
-0.940775 0.339032 0.000184556
-0.940769 0.339048 6.5436e-005
-0.713108 0.701036 0.00514167
-0.713603 0.70055 0.000381354
0.0 0.0 1.0
0.0 0.0 1.0
0.0 0.0 1.0
0.0 0.0 1.0
-1.89455e-006 6.82708e-007 1.0
3.3813e-007 1.38461e-006 1.0
-0.00224816 0.0 -0.999997
-0.00224773 5.14763e-006 -0.999997
-0.00224861 0.0 -0.999997
0.389533 0.294113 -0.87279
0.989999 -0.141056 -0.00222736
0.989999 -0.141059 -0.00222281
0.990001 -0.141046 -0.00222578
-0.701481 -0.676085 -0.225463
0.0 -1.0 0.0
0.0 -1.0 0.0
0.0 -1.0 0.0
0.999997 0.0 -0.002236
0.999997 -3.02101e-006 -0.00224638
0.999997 0.0 -0.00224783
0.0 1.0 0.0
0.88342 -0.468577 -0.0020048
0.88342 -0.468579 -0.00198616
0.88342 -0.468577 -0.00198578
-0.00197668 -0.475897 -0.879499
-0.00197605 -0.475898 -0.879498
-0.00197432 -0.47591 -0.879492
-0.00220575 -0.185814 -0.982582
-0.00220886 -0.185801 -0.982585
0.0 -1.0 0.0
0.0 -1.0 0.0
0.0 -1.0 0.0
0.0 -1.0 0.0
-0.00224686 5.31132e-006 -0.999997
-0.00224737 4.84222e-006 -0.999997
-0.00225136 0.0 -0.999997
-0.00224787 -9.00646e-007 -0.999997
-0.00224757 -5.31537e-007 -0.999997
-0.00224538 -5.57188e-007 -0.999997
-0.0022492 0.0 -0.999997
0.999984 0.0 0.00569712
0.999999 6.33934e-005 -0.00101633
0.999999 -0.00157718 -0.000205411
1.0 0.0 0.0
1.0 0.0 0.0
1.0 0.0 0.0
0.0 -1.0 0.0
0.0 -1.0 0.0
0.0 -1.0 0.0
0.0 -1.0 0.0
0.0 -1.0 0.0
0.0 1.0 0.0
0.0 1.0 0.0
0.999997 7.91854e-007 -0.00224608
0.999997 -3.25144e-006 -0.0022465
0.999997 -2.55261e-006 -0.00225539
0.999997 0.0 -0.00223352
0.999998 -0.000430007 -0.00198818
0.0 -1.0 0.0
0.600283 0.611474 0.515519
0.553169 0.655676 0.5139
0.0 1.0 0.0
0.0 1.0 0.0
-0.00202236 0.0 0.999998
-0.00202179 0.0 0.999998
0.999948 -0.00514509 0.00877829
0.999997 -0.00257382 -0.000247699
0.999998 1.12556e-006 0.00202771
0.999998 0.0 0.00203228
0.999998 -2.28472e-006 0.00202697
0.0020293 2.51144e-007 -0.999998
0.00202775 0.0 -0.999998
-0.806188 0.0 0.591659
-0.806197 2.8667e-006 0.591647
-0.00202209 1.99462e-006 0.999998
-0.002019 1.57084e-006 0.999998
-0.00202805 -5.89211e-007 0.999998
-0.00202838 -2.6794e-007 0.999998
-0.589002 0.520342 0.61832
-0.581937 0.640515 0.501089
0.0 1.0 0.0
0.0 1.0 0.0
0.0 1.0 0.0
-0.905761 0.417907 0.0703618
0.0 1.0 0.0
0.0 1.0 0.0
0.0022475 -4.3767e-007 0.999997
0.00224696 -9.28087e-007 0.999997
0.0022456 -5.51283e-007 0.999997
0.00224683 -6.03301e-007 0.999997
-0.333632 -0.938906 0.0845239
-0.270033 -0.952898 0.138083
-0.262847 -0.957225 0.120958
-0.506571 -0.858207 0.0828654
-0.251791 -0.93913 0.233744
-0.329736 -0.919637 0.213406
-0.241905 -0.969649 -0.035528
-0.00224584 1.40502e-006 -0.999997
-0.0022464 7.51254e-006 -0.999997
-0.00224715 0.0 -0.999997
-0.00224715 0.0 -0.999997
-0.00224735 2.42483e-006 -0.999997
0.101867 -0.994011 0.0395675
0.999997 0.0 -0.00223225
0.999997 -1.55581e-006 -0.00224203
0.999997 0.0 -0.00224731
0.999997 -3.28143e-007 -0.0022478
0.999997 -9.1466e-007 -0.00224276
0.999997 0.0 -0.00224527
-0.327569 -0.937647 -0.11626
0.00224821 0.0 0.999997
0.00225112 -3.41843e-007 0.999997
0.0 0.0 1.0
0.0 0.0 1.0
0.0 0.0 1.0
0.656752 -0.742852 -0.129802
0.620113 -0.784326 -0.0170766
0.582744 -0.812648 0.00354968
0.0 -1.0 0.0
0.0 -1.0 0.0
0.0 -1.0 0.0
0.0 1.0 0.0
0.0 1.0 0.0
-1.0 0.0 0.0
-1.0 0.0 0.0
0.0 0.0 -1.0
0.0 0.0 -1.0
0.0 0.0 -1.0
0.90565 -0.417853 -0.0720881
1.0 0.0 0.0
1.0 0.0 0.0
1.0 0.0 0.0
1.0 0.0 0.0
1.0 0.0 0.0
1.0 0.0 0.0
1.0 0.0 0.0
0.00137279 0.00382872 -0.999992
0.00298857 0.00078415 -0.999995
0.00208165 0.00137271 -0.999997
-0.000112533 0.000269545 -1.0
0.000313486 6.95774e-005 -1.0
0.0 -1.0 0.0
0.0 -1.0 0.0
0.0 -1.0 0.0
0.0 -1.0 0.0
0.0 -1.0 0.0
-0.00846427 -0.00620351 -0.999945
1.02874e-005 7.94086e-006 -1.0
-6.3858e-006 1.10137e-005 -1.0
0.00429025 -0.00739949 -0.999963
0.0059081 -0.00396706 -0.999975
0.0 0.0 -1.0
0.0 -1.0 0.0
0.0 -1.0 0.0
0.0 -1.0 0.0
0.0 -1.0 0.0
-1.0 0.0 0.0
-1.0 0.0 0.0
-1.0 0.0 0.0
-0.885902 -0.463766 0.00999268
-0.883421 -0.46858 0.0
-0.883421 -0.46858 0.0
-0.883421 -0.46858 0.0
0.0 -0.475898 0.879501
1.21194e-006 -0.475894 0.879503
0.0 -0.475902 0.879498
0.0 -0.185811 0.982586
0.0 -0.185811 0.982586
1.5265e-006 1.40023e-006 -1.0
0.0 0.0 -1.0
0.0 0.0 -1.0
1.12873e-006 -2.91445e-007 -1.0
1.35407e-006 0.0 -1.0
0.0 0.0 -1.0
0.0 0.0 -1.0
0.000897782 0.000356582 -1.0
0.0 1.0 0.0
0.0 1.0 0.0
1.0 0.0 0.0
1.0 0.0 0.0
1.0 0.0 0.0
1.0 0.0 0.0
1.0 -0.000428448 0.000259342
-0.010416 -0.0417512 0.999074
-0.000313936 -6.94146e-005 1.0
0.000107683 -0.000267302 1.0
-0.0206948 -0.0108133 0.999727
-0.0279802 -0.00773823 0.999579
0.599122 0.611474 0.516867
0.552013 0.655675 0.515143
0.0 1.0 0.0
0.0 1.0 0.0
0.0 0.0 -1.0
0.0 0.0 -1.0
-0.999964 -0.00513767 -0.00672609
-0.999994 -0.00257369 0.00227429
-1.0 0.0 0.0
-1.0 0.0 0.0
-1.0 0.0 0.0
0.0 0.0 1.0
0.0 0.0 1.0
0.804973 0.0 -0.593311
0.804973 0.0 -0.593311
0.0 0.0 -1.0
0.0 0.0 -1.0
0.0 0.0 -1.0
0.0 0.0 -1.0
0.587744 0.520326 -0.61953
0.580917 0.640519 -0.502266
0.0 0.0 1.0
0.0 0.0 1.0
0.0 0.0 1.0
0.0 0.0 1.0
0.0 0.0 1.0
-0.843254 -0.525888 -0.111191
-0.351701 0.935103 -0.0434634
-0.351419 0.935183 -0.0440037
-0.952786 0.288628 0.0942974
-0.827411 0.497508 0.260532
-0.33274 0.929827 0.157178
0.801554 0.210317 -0.559713
-0.676502 0.706562 0.207641
-0.633996 0.716207 0.291713
-0.582691 0.812563 -0.0145776
-0.615167 0.788388 0.00382222
-0.656751 0.742851 0.129809
-0.367726 0.928531 -0.0510761
-0.389165 0.920726 -0.0285199
-0.331801 0.872418 0.35888
-0.345255 0.871766 0.347596
-0.329463 0.880045 0.342016
-0.329227 0.880002 0.342354
0.270027 0.9529 -0.138083
-0.981464 -0.191646 0.0
-0.981586 -0.189715 0.0222881
0.997558 0.0270912 -0.0643774
0.99909 0.0426406 0.0
-0.00490244 -0.999988 0.0
-0.00490244 -0.999988 0.0
-0.00498565 -0.999988 0.0
-0.00499475 -0.999988 1.81716e-005
-0.00613431 -0.999981 1.81715e-005
-0.00614501 -0.999981 1.01546e-005
-0.00463793 -0.999989 1.01547e-005
-0.00464301 -0.999989 0.0
0.790695 0.558333 -0.25113
0.980891 0.194543 0.00261248
0.981168 0.193157 0.0
0.978769 0.203976 -0.0201265
0.284665 0.793928 -0.537257
-0.00468951 -0.999989 0.0
-0.00468951 -0.999989 0.0
-0.983515 -0.180827 0.0
-0.983567 -0.180515 -0.00307605
-0.991478 0.106729 0.0747041
-0.998361 -0.0572361 0.0
0.994781 0.102037 0.0
0.994417 0.104407 -0.0152807
-8.22236e-006 -0.00167718 0.999999
0.0008913 -0.00100688 0.999999
4.32743e-006 -0.000382021 1.0
0.000143493 -0.000381518 1.0
1.52011e-006 0.000327395 -1.0
-0.000120564 0.00032226 -1.0
3.83718e-006 0.000769634 -1.0
-0.000485999 0.000549713 -1.0
0.0 0.0 -1.0
0.0 0.0 -1.0
0.0 0.0 -1.0
0.0 0.0 -1.0
-8.82483e-007 -1.62305e-006 -1.0
-3.55924e-007 -1.45751e-006 -1.0
0.0 0.0 -1.0
4.07049e-007 1.63161e-006 1.0
-9.69502e-007 2.38443e-006 1.0
0.0 0.0 1.0
0.0 0.0 1.0
0.0 0.0 1.0
0.0 0.0 1.0
0.0 0.0 1.0
0.332166 0.934778 -0.125919
0.132635 0.988438 -0.0734774
-0.0120376 0.847 -0.531456
0.604079 0.788025 -0.118767
0.827354 0.55786 -0.0654071
0.947215 0.261962 0.184822
0.0 0.0 1.0
0.0 0.0 1.0
0.77097 -0.636871 0.0
0.765154 -0.641008 -0.0604085
-0.708655 0.70555 0.00264279
-0.708895 0.705314 -0.000101222
0.0 1.0 0.0
0.0 1.0 0.0
0.999997 1.34958e-006 -0.00224864
0.999997 0.0 -0.00224848
0.0 -1.0 0.0
0.0 -1.0 0.0
0.0 -1.0 0.0
0.0 -1.0 0.0
0.0 -1.0 0.0
0.0 -1.0 0.0
0.0 -1.0 0.0
0.0 -1.0 0.0
0.0 -1.0 0.0
0.229706 0.92075 0.315364
0.0143013 0.921763 0.38749
0.853045 0.338813 -0.396889
0.0 -1.0 0.0
0.0 -1.0 0.0
0.0 -1.0 0.0
0.0 -1.0 0.0
0.329425 0.942936 0.0484846
0.0022475 -1.13396e-006 0.999997
0.00224762 0.0 0.999997
0.00224762 0.0 0.999997
0.00464297 -0.999989 0.0
0.00489304 -0.999988 -8.87504e-007
0.00489799 -0.999988 0.0
0.00499968 -0.999987 2.00191e-005
0.00613262 -0.999981 2.00217e-005
0.00614492 -0.999981 1.08145e-005
0.00463756 -0.999989 1.08145e-005
0.00469249 -0.999989 0.0
0.00469249 -0.999989 0.0
0.00498967 -0.999988 0.0
0.0 0.0 -1.0
3.74874e-007 1.52305e-006 -1.0
6.19509e-006 -9.47213e-007 -1.0
-0.999997 -2.91323e-007 0.00224752
-0.999997 0.0 0.00224749
-0.999997 0.0 0.00224749
0.0 0.0 -1.0
-0.000269536 0.000303831 -1.0
3.36334e-006 0.000548273 -1.0
-0.000410589 0.000572568 -1.0
0.0 0.0 -1.0
0.0 0.0 1.0
0.0 0.0 1.0
0.0 0.0 1.0
0.0 0.0 1.0
0.0 0.0 1.0
0.0 0.0 1.0
0.0 0.0 1.0
-1.92667e-005 -1.77838e-006 1.0
0.0 1.0 0.0
0.0 1.0 0.0
0.566834 -0.695815 0.441069
-0.883421 -0.468575 0.00197972
-0.883421 -0.468576 0.00198492
-0.990001 -0.141045 0.00222439
-0.99 -0.141047 0.0022241
-0.88342 -0.468578 0.00198551
0.580859 0.260478 -0.771203
0.0019767 -0.475878 0.879509
0.00197739 -0.475901 0.879497
0.00197681 -0.475903 0.879495
0.00220852 -0.185809 0.982583
0.00220786 -0.185813 0.982583
0.00220807 -0.185816 0.982582
0.549331 -0.407789 -0.729344
0.374279 -0.927305 -0.00461945
0.373669 -0.927562 0.0
0.0955425 -0.995425 0.0
0.0955425 -0.995425 0.0
-0.0962123 -0.995361 0.0
-0.0962123 -0.995361 0.0
-0.422595 -0.906319 0.0
-0.422595 -0.906319 0.0
-0.616247 -0.787553 0.0
-0.616295 -0.787515 0.00041436
-0.821163 -0.570693 0.000304391
-0.821151 -0.570711 0.000162297
-0.885212 -0.465188 0.000201333
0.507495 -0.861061 0.0319658
0.57903 -0.815306 0.0
0.293876 -0.955844 0.0
0.293876 -0.955844 0.0
0.100049 -0.994983 0.0
0.100049 -0.994983 0.0
-0.105633 -0.994405 0.0
-0.105633 -0.994405 0.0
-0.408622 -0.912704 0.0
-0.408622 -0.912704 0.0
-0.643984 -0.765039 0.0
-0.643992 -0.765032 -4.12494e-006
-0.802059 -0.597244 -3.58063e-006
-0.802063 -0.597239 -8.7792e-007
-0.0949263 0.850893 -0.516691
-0.0130364 -0.0460032 0.998856
-0.0513348 -0.0267468 0.998323
-0.000290334 -0.000143947 1.0
-0.000341347 -7.40572e-005 1.0
-2.88395e-006 6.45536e-006 1.0
2.93519e-006 -6.57005e-006 1.0
-2.9516e-006 -6.56242e-006 1.0
0.0 0.0 1.0
0.0 0.0 1.0
4.45672e-006 5.10543e-006 1.0
4.35061e-006 5.16833e-006 1.0
-1.6252e-006 1.64755e-006 1.0
0.0 0.0 1.0
0.0 0.0 1.0
-0.000233076 0.000385222 1.0
0.00565942 0.00413026 0.999975
-2.32447e-006 6.56284e-006 1.0
0.0 0.0 1.0
1.73451e-006 3.82071e-007 1.0
-2.8062e-006 6.79104e-006 1.0
-0.024785 -0.0179622 0.999531
-0.0106047 -0.0303552 0.999483
-0.00109187 0.00290306 0.999995
-0.00142892 0.00258504 0.999996
5.73015e-006 -1.03664e-005 1.0
8.98249e-006 -9.09389e-006 1.0
-9.4271e-006 9.54402e-006 1.0
-5.90609e-006 1.23036e-005 1.0
3.03525e-006 6.49502e-006 1.0
3.01723e-006 6.47091e-006 1.0
6.83934e-007 7.07562e-006 1.0
7.50878e-007 6.55939e-006 1.0
0.912817 0.407122 0.0318739
0.911243 0.411868 0.000408071
0.791601 0.611038 0.000458359
0.791917 0.610621 0.00298103
0.658204 0.752836 0.00229084
0.657878 0.753125 -1.47089e-005
0.393799 0.919196 -1.79523e-005
0.393972 0.919122 0.00108492
0.123268 0.992373 0.000339454
0.123208 0.992381 -1.17519e-005
-0.118515 0.992952 1.13043e-005
-0.118452 0.99296 -0.000361679
-0.295346 0.95539 -0.000916654
-0.29521 0.955432 -0.000142961
-0.597459 0.801899 -0.000261701
-0.598747 0.800883 -0.00944209
-0.496325 -0.442059 0.747158
0.0 0.0 -1.0
0.0 0.0 -1.0
0.0 0.0 -1.0
0.0 0.0 -1.0
0.00336736 -0.00557661 -0.999979
0.00424884 -0.00480586 -0.999979
0.000377666 0.00106283 -0.999999
0.00111682 0.000581974 -0.999999
0.000288385 0.000150277 -1.0
0.000339181 8.06838e-005 -1.0
0.0 0.0 -1.0
0.0 0.0 -1.0
0.0 0.0 -1.0
0.0 0.0 -1.0
0.0 0.0 -1.0
0.0 0.0 -1.0
0.113727 0.993512 0.0
-0.11113 0.993806 0.0
-0.11113 0.993806 -1.21641e-007
-0.390597 0.920562 -4.27539e-007
-0.381893 0.924184 -0.00646771
-0.533108 0.846021 -0.00670645
-0.540014 0.84158 -0.0113378
0.88446 0.466506 -0.01012
0.909516 0.410403 0.0659511
0.839163 0.543881 0.0
0.807347 0.590076 0.0
0.807348 0.590076 1.90256e-007
0.622796 0.782384 -1.39746e-007
0.622796 0.782385 0.0
0.423372 0.905956 0.0
0.423375 0.905955 2.77659e-006
0.113731 0.993512 3.04493e-006
0.910498 0.345168 0.22771
0.924934 0.380126 -0.000700854
0.791873 0.610686 -0.000471896
0.79117 0.611568 -0.00590292
0.658174 0.752862 -0.00247808
0.657718 0.753244 -0.00561028
0.393826 0.919179 -0.00337073
0.394083 0.919073 -0.00174785
0.123208 0.992381 -0.000546459
0.123307 0.992369 3.6754e-005
-0.118349 0.992972 -3.52761e-005
-0.118514 0.992952 0.00093046
-0.295632 0.955299 0.00243248
-0.295203 0.955434 6.84656e-006
-0.572854 0.819658 1.3286e-005
-0.566815 0.823404 -0.0269533
0.00030419 -0.000815103 -1.0
0.000388934 -0.000703334 -1.0
-6.61687e-006 1.19657e-005 -1.0
-1.03699e-005 1.04974e-005 -1.0
9.48796e-006 -9.60462e-006 -1.0
1.18895e-005 -7.72265e-006 -1.0
0.0 0.0 -1.0
0.0 0.0 -1.0
0.0 0.0 -1.0
0.0 0.0 -1.0
0.0 0.0 -1.0
0.0 0.0 -1.0
0.0 0.0 -1.0
0.0 0.0 -1.0
0.000816842 0.000592954 -0.999999
-0.307792 0.83101 0.463344
-0.835519 -0.549461 -1.03301e-005
-0.821147 -0.570717 -6.85382e-006
-0.821085 -0.570805 -0.000716344
-0.616306 -0.787506 -0.000963708
-0.616418 -0.787419 -6.7719e-006
-0.422588 -0.906322 -4.6425e-006
-0.422589 -0.906321 5.15835e-006
-0.0962122 -0.995361 1.17442e-006
-0.0962121 -0.995361 0.0
0.0955425 -0.995425 0.0
0.0955425 -0.995425 0.0
0.385264 -0.922806 0.0
0.386001 -0.922481 0.00559329
0.0 0.0 -1.0
5.22562e-006 2.21595e-007 -1.0
1.03256e-006 -9.4e-007 -1.0
0.0 0.0 -1.0
0.883421 -0.468581 0.0
0.883421 -0.468581 0.0
0.990003 -0.141044 0.0
0.990003 -0.141044 0.0
0.883421 -0.468581 3.83619e-007
0.0 -0.18581 -0.982586
0.0 -0.185811 -0.982586
0.0 -0.185811 -0.982586
0.0 -0.4759 -0.879499
3.33829e-007 -0.475901 -0.879499
0.0 -0.475912 -0.879493
-0.999997 0.0 0.00224131
-0.999997 -2.93825e-006 0.0022475
-0.999997 -8.07931e-006 0.00224818
-0.999997 0.0 0.00224753
-0.31269 0.912217 0.264736
-0.759215 0.650792 0.00791659
-0.753856 0.657039 -5.83133e-007
-0.919124 0.393969 -3.49653e-007
-0.919124 0.393969 -3.49653e-007
-0.997131 0.0756936 0.0
-0.997131 0.0756949 -7.49191e-006
-0.940782 0.339012 -3.35537e-005
-0.940781 0.339014 -4.86532e-005
0.0 0.0 -1.0
0.0 0.0 -1.0
0.0 0.0 -1.0
0.0 0.0 -1.0
0.0 0.0 -1.0
0.0 0.0 -1.0
0.0 0.0 -1.0
1.68838e-005 1.57754e-006 -1.0
0.668678 -0.541894 0.509137
-0.00532725 0.000976809 0.999985
-0.00169672 0.000686382 0.999998
-0.000234157 0.000404185 1.0
7.29018e-006 -1.25838e-005 1.0
-1.17365e-005 -9.07224e-006 1.0
-0.00793258 0.00713903 0.999943
0.000378135 -0.000340308 1.0
-5.50234e-006 -0.000895398 1.0
0.000333398 -0.000931666 1.0
0.00224663 -1.09451e-005 0.999997
0.00224765 -4.04444e-006 0.999997
0.00224309 0.0 0.999997
-0.990005 -0.141034 7.67578e-006
-0.990004 -0.141039 0.0
-0.990004 -0.141039 0.0
0.0 1.0 0.0
0.0 1.0 0.0
0.0 1.0 0.0
-0.00224761 -2.13625e-007 -0.999997
-0.00224756 0.0 -0.999997
-0.0022475 0.0 -0.999997
0.0 0.0 -1.0
0.0 0.0 -1.0
0.0 0.0 -1.0
0.0 0.0 -1.0
0.922992 -0.384819 -3.41533e-007
0.922992 -0.384819 -5.123e-007
0.740024 -0.672581 -8.95389e-007
0.73088 -0.682452 -0.00861009
0.919716 -0.392585 0.0
0.919716 -0.392585 0.0
0.75298 -0.658044 0.0
0.752607 -0.658442 0.00602712
-0.457886 -0.275617 0.845208
0.0 0.0 1.0
-0.452534 0.841392 0.295418
0.0 1.0 0.0
0.0 1.0 0.0
0.0 1.0 0.0
0.618933 0.0714561 0.782187
-0.77305 0.0734278 0.630081
-0.856926 0.31288 0.409614
-0.767213 0.45785 0.449174
0.520982 -0.549341 -0.653301
1.0 0.0 0.0
1.0 0.0 0.0
1.0 0.0 0.0
1.0 0.0 0.0
1.0 0.0 0.0
1.0 0.0 0.0
0.277769 0.631048 -0.724309
0.0 0.0 1.0
-0.00328671 -0.00436455 0.999985
0.0114128 -0.00681082 0.999912
0.748378 0.192141 -0.634832
0.0 1.0 0.0
0.247339 0.902304 -0.353088
0.0 -1.0 0.0
0.0 -1.0 0.0
0.0 -1.0 0.0
0.0 -1.0 0.0
-0.542292 0.35807 -0.760069
-0.477594 0.201965 -0.855052
0.394696 0.33808 0.854352
0.0 1.0 0.0
0.0 1.0 0.0
0.0 1.0 0.0
0.0 1.0 0.0
0.528806 -0.833221 0.161579
-0.999997 0.0 0.00225018
-0.999997 0.0 0.00225027
-0.999997 -1.61897e-006 0.00224603
-0.999997 0.0 0.00224646
-0.999997 -3.96539e-006 0.00224735
0.636481 -0.667194 -0.386968
0.00210733 0.000159559 0.999998
0.00224914 -3.65226e-006 0.999997
0.00224821 -1.61613e-006 0.999997
0.0022452 0.0 0.999997
0.00244315 0.000234941 0.999997
0.16658 -0.940335 -0.296682
0.0 -1.0 0.0
-0.719651 -0.469525 -0.511516
0.718618 -0.46952 0.512971
0.0 -1.0 0.0
-0.167177 -0.940338 0.296337
0.00020002 0.000237582 1.0
-0.637293 -0.667172 0.385666
-0.000140096 0.000161236 1.0
0.0 0.0 1.0
0.0 0.0 1.0
0.0 0.0 1.0
-1.0 4.21778e-007 -1.78787e-006
-0.528475 -0.833222 -0.16265
-1.0 0.0 0.0
-1.0 0.0 0.0
-1.0 -5.04283e-007 -1.26574e-006
-1.0 0.0 -1.13194e-006
0.0 1.0 0.0
0.0 1.0 0.0
0.0 1.0 0.0
0.0 1.0 0.0
-0.392962 0.338081 -0.855151
-0.475673 0.201969 -0.856121
0.540752 0.358069 0.761166
0.24813 0.902305 -0.352531
0.0 -1.0 0.0
0.0 -1.0 0.0
0.0 -1.0 0.0
0.0 -1.0 0.0
0.0 1.0 0.0
0.749806 0.19213 -0.633148
0.0020273 7.0032e-007 -0.999998
0.00531592 -0.00436644 -0.999976
-0.00937866 -0.00681182 -0.999933
0.27939 0.631046 -0.723687
-0.999998 0.0 -0.00202619
-0.999998 4.7873e-007 -0.00202529
-0.999998 0.0 -0.00202795
-0.999998 -3.00258e-007 -0.00202765
-0.999998 -2.95762e-007 -0.00202838
-0.999998 0.0 -0.00203031
0.522447 -0.549338 -0.652133
0.774312 0.0734239 -0.62853
0.857749 0.312893 -0.407879
0.768129 0.457842 -0.447615
0.617174 0.0714592 0.783575
-0.00224644 8.94239e-006 -0.999997
-0.45319 0.841396 0.294401
-0.620582 0.422549 -0.660553
-0.459781 -0.275614 0.844179
-0.999995 6.22684e-005 0.0032616
-0.999994 0.0 -0.00344568
-0.999996 -0.00157585 0.00245189
-0.999997 7.74114e-007 0.00224655
-0.999997 -1.42281e-006 0.00224742
-0.999997 -1.49785e-006 0.00224827
0.0 -2.56985e-006 1.0
0.671544 0.683871 -0.285218
-9.57488e-007 -7.08655e-007 1.0
-1.10361e-006 0.0 1.0
0.0 1.0 0.0
0.0 1.0 0.0
1.08551e-006 -7.36828e-006 -1.0
0.0 0.0 -1.0
0.0 0.0 -1.0
0.658749 -0.535745 -0.528231
-0.667538 -0.541889 -0.510636
-0.849845 -0.29136 -0.439173
0.313282 0.912218 -0.264032
0.734987 0.461266 0.497018
0.308829 0.831004 -0.462662
-0.761977 0.416908 0.49556
0.497991 -0.442062 -0.746047
-0.632249 0.0481414 0.773268
0.0937653 0.850893 0.516904
-0.600232 -0.55698 0.574016
-0.550974 -0.407786 0.728106
-0.38757 0.294113 0.873663
-0.582593 0.260492 0.769889
0.701993 -0.676078 0.223885
-0.565839 -0.69581 -0.442351
0.0 1.0 0.0
0.0 -1.0 0.0
0.0 -1.0 0.0
0.0 -1.0 0.0
0.0 -1.0 0.0
0.0 -1.0 0.0
0.0 -1.0 0.0
TEXTURE-VERTEX = 1328
0.0688477 0.194214
0.069458 0.225464
0.0737915 0.229858
0.0741577 0.185425
0.0717163 0.0237274
0.0717773 0.0709839
0.0764771 0.0766602
0.0764771 0.0766602
0.0760498 0.0107117
0.0717163 0.0237274
0.065979 0.11908
0.0343018 0.117554
0.0279846 0.12323
0.0717773 0.138672
0.134521 0.0769653
0.0764771 0.0766602
0.0718994 0.0820313
0.138794 0.0897217
0.0260468 0.170898
0.0703125 0.177246
0.062561 0.185547
0.0301819 0.184082
0.113586 0.185059
0.0741577 0.185425
0.0737915 0.229858
0.127075 0.228882
0.171387 0.185303
0.18335 0.13855
0.151855 0.182129
0.158691 0.192627
0.139282 0.127319
0.173218 0.127563
0.154907 0.122864
0.071228 0.111938
0.138794 0.108948
0.113586 0.185059
0.12854 0.120605
0.0790405 0.119385
0.0790405 0.119385
0.0741577 0.185425
0.113586 0.185059
0.0717773 0.138672
0.0717773 0.138672
0.0703125 0.177246
0.0741577 0.185425
0.138794 0.0207367
0.129272 0.0108337
0.134521 0.0769653
0.138794 0.0688477
0.0260468 0.170898
0.0240631 0.184448
0.0301819 0.184082
0.113586 0.185059
0.135132 0.190552
0.131592 0.172729
0.136353 0.218506
0.127075 0.228882
0.140625 0.232056
0.135132 0.190552
0.151855 0.182129
0.131592 0.172729
0.135132 0.190552
0.158691 0.192627
0.151855 0.182129
0.0703125 0.177246
0.062561 0.185547
0.0741577 0.185425
0.18335 0.13855
0.186279 0.129761
0.173218 0.127563
0.139282 0.127319
0.0764771 0.0766602
0.069397 0.0744019
0.0718994 0.0820313
0.0790405 0.119385
0.065979 0.11908
0.0717773 0.138672
0.125122 0.199341
0.136353 0.218506
0.131592 0.172729
0.138794 0.108948
0.12854 0.120605
0.139282 0.127319
0.071228 0.111938
0.0790405 0.119385
0.12854 0.120605
0.131592 0.172729
0.139282 0.127319
0.12854 0.120605
0.0589294 0.500488
0.0675659 0.5
0.0671387 0.495605
0.064209 0.491699
0.0657349 0.528809
0.0638428 0.504395
0.0589294 0.500488
0.0527649 0.531738
0.0963745 0.495361
0.0671387 0.495605
0.0675659 0.5
0.0970459 0.5
0.0514221 0.451416
0.0589294 0.500488
0.064209 0.491699
0.0635376 0.454346
0.058075 0.42041
0.0514221 0.451416
0.0632935 0.440186
0.0619812 0.422363
0.147339 0.53125
0.153076 0.523438
0.156616 0.497559
0.11322 0.497559
0.156616 0.52832
0.153076 0.523438
0.147339 0.53125
0.156494 0.535156
0.0162201 0.533691
0.0160065 0.50293
0.0100098 0.511719
0.0112686 0.52832
0.0997314 0.491211
0.064209 0.491699
0.0671387 0.495605
0.0963745 0.495361
0.0995483 0.459717
0.0635376 0.454346
0.0119247 0.453369
0.058075 0.42041
0.00439453 0.422607
0.0088501 0.449219
0.108276 0.521484
0.107788 0.503418
0.108459 0.535156
0.156494 0.535156
0.147339 0.53125
0.113159 0.529785
0.0160065 0.50293
0.0514221 0.451416
0.0119247 0.453369
0.0160065 0.50293
0.156616 0.446045
0.112488 0.44458
0.105957 0.460205
0.156616 0.497559
0.142456 0.443115
0.156616 0.497559
0.113159 0.529785
0.108276 0.521484
0.108459 0.535156
0.0635376 0.454346
0.0632935 0.440186
0.0514221 0.451416
0.097229 0.449463
0.0772095 0.449463
0.156616 0.441895
0.142456 0.443115
0.156616 0.446045
0.0963745 0.495361
0.0970459 0.5
0.0997314 0.491211
0.0657349 0.528809
0.0527649 0.531738
0.0706177 0.536621
0.11322 0.497559
0.107605 0.494629
0.107788 0.503418
0.0160065 0.50293
0.0162201 0.533691
0.0514221 0.451416
0.113159 0.529785
0.107605 0.494629
0.11322 0.497559
0.156616 0.497559
0.107605 0.494629
0.0455627 0.283936
0.0373535 0.283936
0.0370483 0.288086
0.0391541 0.291992
0.0404358 0.279785
0.0455627 0.283936
0.0840454 0.284424
0.0866699 0.252686
0.0391541 0.291992
0.0370483 0.288086
0.00856781 0.281982
0.00856781 0.281982
0.0039978 0.325928
0.0391541 0.291992
0.0880127 0.354248
0.0835571 0.334961
0.0538635 0.334961
0.0538635 0.334961
0.0400696 0.365967
0.0880127 0.354248
0.0866699 0.326416
0.104492 0.337158
0.11731 0.338135
0.122742 0.29126
0.0840454 0.284424
0.0835571 0.334961
0.0866699 0.326416
0.0898438 0.291748
0.0538635 0.334961
0.0455627 0.283936
0.0367737 0.324951
0.0538635 0.334961
0.0455627 0.283936
0.0391541 0.291992
0.0901489 0.278809
0.0897217 0.256348
0.0367737 0.324951
0.0153809 0.333984
0.0298615 0.335205
0.036377 0.35376
0.0369568 0.338623
0.09729 0.284424
0.0952148 0.287598
0.119446 0.287109
0.0898438 0.291748
0.0905151 0.287842
0.0361633 0.373047
0.0844116 0.417236
0.0874023 0.413574
0.0874023 0.413574
0.0400696 0.365967
0.0361633 0.373047
0.0358887 0.416748
0.0835571 0.334961
0.104492 0.337158
0.0866699 0.326416
0.0898438 0.291748
0.0905151 0.287842
0.0840454 0.284424
0.0905151 0.287842
0.0919189 0.282959
0.0840454 0.284424
0.0919189 0.282959
0.0901489 0.278809
0.0840454 0.284424
0.122742 0.29126
0.124146 0.286621
0.119446 0.287109
0.0373535 0.283936
0.00856781 0.281982
0.0370483 0.288086
0.0367737 0.324951
0.0369568 0.338623
0.0538635 0.334961
0.0039978 0.325928
0.0027504 0.33374
0.0153809 0.333984
0.0381165 0.252197
0.0878296 0.366455
0.0878296 0.366455
0.152954 0.394043
0.115112 0.401367
0.118164 0.40918
0.153198 0.402344
0.888672 0.65918
0.931641 0.648926
0.931641 0.658203
0.893066 0.66748
0.146973 0.384277
0.107788 0.391602
0.153198 0.388428
0.156738 0.383789
0.153198 0.388428
0.152954 0.394043
0.191528 0.401611
0.104248 0.371338
0.107788 0.391602
0.146973 0.384277
0.146973 0.384277
0.152954 0.372803
0.104248 0.371338
0.152954 0.363281
0.152954 0.372803
0.156738 0.383789
0.202515 0.371094
0.152954 0.358398
0.098938 0.368164
0.104248 0.371338
0.152954 0.363281
0.870117 0.620117
0.932129 0.610352
0.932129 0.615234
0.875977 0.624023
0.932129 0.605469
0.932129 0.610352
0.870117 0.620117
0.924316 0.604004
0.931641 0.637695
0.936035 0.638184
0.983398 0.647949
0.974609 0.658691
0.930176 0.636719
0.931641 0.637695
0.932129 0.631348
0.930176 0.636719
0.879883 0.647461
0.875977 0.624023
0.983398 0.647949
0.936035 0.638184
0.932129 0.631348
0.987793 0.624512
0.202515 0.371094
0.200928 0.366943
0.986816 0.620117
0.987793 0.624512
0.152954 0.358398
0.200928 0.366943
0.209229 0.361572
0.15271 0.352295
0.211426 0.306152
0.15271 0.352295
0.209229 0.361572
0.209229 0.361572
0.217407 0.312988
0.211426 0.306152
0.187744 0.411377
0.184448 0.408203
0.153198 0.402344
0.146729 0.436768
0.97168 0.664063
0.931641 0.658203
0.931641 0.648926
0.153198 0.402344
0.184448 0.408203
0.191528 0.401611
0.152954 0.394043
0.938965 0.604004
0.986816 0.620117
0.932129 0.610352
0.932129 0.605469
0.87207 0.612305
0.869141 0.615234
0.114258 0.358887
0.0975952 0.363525
0.152954 0.358398
0.15271 0.352295
0.993164 0.626465
0.986816 0.620117
0.994141 0.615234
0.098938 0.368164
0.159302 0.314697
0.217407 0.312988
0.218628 0.306885
0.211426 0.306152
0.931641 0.637695
0.930176 0.636719
0.936035 0.638184
0.930176 0.636719
0.932129 0.631348
0.936035 0.638184
0.165161 0.29834
0.161621 0.297852
0.159302 0.314697
0.146973 0.384277
0.156738 0.383789
0.152954 0.372803
0.146973 0.384277
0.153198 0.388428
0.156738 0.383789
0.994141 0.615234
0.152954 0.363281
0.198853 0.391846
0.932129 0.615234
0.932129 0.615234
0.198853 0.391846
0.879883 0.647461
0.967285 0.666504
0.189331 0.406494
0.187744 0.411377
0.189331 0.406494
0.184448 0.408203
0.181885 0.443115
0.993164 0.626465
0.165161 0.29834
0.159302 0.314697
0.0688477 0.194214
0.069458 0.225464
0.0737915 0.229858
0.0741577 0.185425
0.0717163 0.0237274
0.0717773 0.0709839
0.0764771 0.0766602
0.0764771 0.0766602
0.0760498 0.0107117
0.0717163 0.0237274
0.065979 0.11908
0.0343018 0.117554
0.0279846 0.12323
0.0717773 0.138672
0.134521 0.0769653
0.0764771 0.0766602
0.0718994 0.0820313
0.138794 0.0897217
0.0260468 0.170898
0.0703125 0.177246
0.062561 0.185547
0.0301819 0.184082
0.113586 0.185059
0.0741577 0.185425
0.0737915 0.229858
0.127075 0.228882
0.171387 0.185303
0.18335 0.13855
0.151855 0.182129
0.158691 0.192627
0.139282 0.127319
0.173218 0.127563
0.154907 0.122864
0.071228 0.111938
0.138794 0.108948
0.113586 0.185059
0.12854 0.120605
0.0790405 0.119385
0.0790405 0.119385
0.0741577 0.185425
0.113586 0.185059
0.0717773 0.138672
0.0717773 0.138672
0.0703125 0.177246
0.0741577 0.185425
0.138794 0.0207367
0.129272 0.0108337
0.134521 0.0769653
0.138794 0.0688477
0.0260468 0.170898
0.0240631 0.184448
0.0301819 0.184082
0.113586 0.185059
0.135132 0.190552
0.131592 0.172729
0.136353 0.218506
0.127075 0.228882
0.140625 0.232056
0.135132 0.190552
0.151855 0.182129
0.131592 0.172729
0.135132 0.190552
0.158691 0.192627
0.151855 0.182129
0.0703125 0.177246
0.062561 0.185547
0.0741577 0.185425
0.18335 0.13855
0.186279 0.129761
0.173218 0.127563
0.139282 0.127319
0.0764771 0.0766602
0.069397 0.0744019
0.0718994 0.0820313
0.0790405 0.119385
0.065979 0.11908
0.0717773 0.138672
0.125122 0.199341
0.136353 0.218506
0.131592 0.172729
0.138794 0.108948
0.12854 0.120605
0.139282 0.127319
0.071228 0.111938
0.0790405 0.119385
0.12854 0.120605
0.131592 0.172729
0.139282 0.127319
0.12854 0.120605
0.0589294 0.500488
0.0675659 0.5
0.0671387 0.495605
0.064209 0.491699
0.0657349 0.528809
0.0638428 0.504395
0.0589294 0.500488
0.0527649 0.531738
0.0963745 0.495361
0.0671387 0.495605
0.0675659 0.5
0.0970459 0.5
0.0514221 0.451416
0.0589294 0.500488
0.064209 0.491699
0.0635376 0.454346
0.058075 0.42041
0.0514221 0.451416
0.0632935 0.440186
0.0619812 0.422363
0.147339 0.53125
0.153076 0.523438
0.156616 0.497559
0.11322 0.497559
0.156616 0.52832
0.153076 0.523438
0.147339 0.53125
0.156494 0.535156
0.0162201 0.533691
0.0160065 0.50293
0.0100098 0.511719
0.0112686 0.52832
0.0997314 0.491211
0.064209 0.491699
0.0671387 0.495605
0.0963745 0.495361
0.0995483 0.459717
0.0635376 0.454346
0.0119247 0.453369
0.058075 0.42041
0.00439453 0.422607
0.0088501 0.449219
0.108276 0.521484
0.107788 0.503418
0.108459 0.535156
0.156494 0.535156
0.147339 0.53125
0.113159 0.529785
0.0160065 0.50293
0.0514221 0.451416
0.0119247 0.453369
0.0160065 0.50293
0.156616 0.446045
0.112488 0.44458
0.105957 0.460205
0.156616 0.497559
0.142456 0.443115
0.156616 0.497559
0.113159 0.529785
0.108276 0.521484
0.108459 0.535156
0.0635376 0.454346
0.0632935 0.440186
0.0514221 0.451416
0.097229 0.449463
0.0772095 0.449463
0.156616 0.441895
0.142456 0.443115
0.156616 0.446045
0.0963745 0.495361
0.0970459 0.5
0.0997314 0.491211
0.0657349 0.528809
0.0527649 0.531738
0.0706177 0.536621
0.11322 0.497559
0.107605 0.494629
0.107788 0.503418
0.0160065 0.50293
0.0162201 0.533691
0.0514221 0.451416
0.113159 0.529785
0.107605 0.494629
0.11322 0.497559
0.156616 0.497559
0.107605 0.494629
0.0455627 0.283936
0.0373535 0.283936
0.0370483 0.288086
0.0391541 0.291992
0.0404358 0.279785
0.0455627 0.283936
0.0840454 0.284424
0.0866699 0.252686
0.0391541 0.291992
0.0370483 0.288086
0.00856781 0.281982
0.00856781 0.281982
0.0039978 0.325928
0.0391541 0.291992
0.0880127 0.354248
0.0835571 0.334961
0.0538635 0.334961
0.0538635 0.334961
0.0400696 0.365967
0.0880127 0.354248
0.0866699 0.326416
0.104492 0.337158
0.11731 0.338135
0.122742 0.29126
0.0840454 0.284424
0.0835571 0.334961
0.0866699 0.326416
0.0898438 0.291748
0.0538635 0.334961
0.0455627 0.283936
0.0367737 0.324951
0.0538635 0.334961
0.0455627 0.283936
0.0391541 0.291992
0.0901489 0.278809
0.0897217 0.256348
0.0367737 0.324951
0.0153809 0.333984
0.0298615 0.335205
0.036377 0.35376
0.0369568 0.338623
0.09729 0.284424
0.0952148 0.287598
0.119446 0.287109
0.0898438 0.291748
0.0905151 0.287842
0.0361633 0.373047
0.0844116 0.417236
0.0874023 0.413574
0.0874023 0.413574
0.0400696 0.365967
0.0361633 0.373047
0.0358887 0.416748
0.0835571 0.334961
0.104492 0.337158
0.0866699 0.326416
0.0898438 0.291748
0.0905151 0.287842
0.0840454 0.284424
0.0905151 0.287842
0.0919189 0.282959
0.0840454 0.284424
0.0919189 0.282959
0.0901489 0.278809
0.0840454 0.284424
0.122742 0.29126
0.124146 0.286621
0.119446 0.287109
0.0373535 0.283936
0.00856781 0.281982
0.0370483 0.288086
0.0367737 0.324951
0.0369568 0.338623
0.0538635 0.334961
0.0039978 0.325928
0.0027504 0.33374
0.0153809 0.333984
0.0381165 0.252197
0.0878296 0.366455
0.0878296 0.366455
0.152954 0.394043
0.115112 0.401367
0.118164 0.40918
0.153198 0.402344
0.888672 0.65918
0.931641 0.648926
0.931641 0.658203
0.893066 0.66748
0.146973 0.384277
0.107788 0.391602
0.153198 0.388428
0.156738 0.383789
0.153198 0.388428
0.152954 0.394043
0.191528 0.401611
0.104248 0.371338
0.107788 0.391602
0.146973 0.384277
0.146973 0.384277
0.152954 0.372803
0.104248 0.371338
0.152954 0.363281
0.152954 0.372803
0.156738 0.383789
0.202515 0.371094
0.152954 0.358398
0.098938 0.368164
0.104248 0.371338
0.152954 0.363281
0.870117 0.620117
0.932129 0.610352
0.932129 0.615234
0.875977 0.624023
0.932129 0.605469
0.932129 0.610352
0.870117 0.620117
0.924316 0.604004
0.931641 0.637695
0.936035 0.638184
0.983398 0.647949
0.974609 0.658691
0.930176 0.636719
0.931641 0.637695
0.932129 0.631348
0.930176 0.636719
0.879883 0.647461
0.875977 0.624023
0.983398 0.647949
0.936035 0.638184
0.932129 0.631348
0.987793 0.624512
0.202515 0.371094
0.200928 0.366943
0.986816 0.620117
0.987793 0.624512
0.152954 0.358398
0.200928 0.366943
0.209229 0.361572
0.15271 0.352295
0.211426 0.306152
0.15271 0.352295
0.209229 0.361572
0.209229 0.361572
0.217407 0.312988
0.211426 0.306152
0.187744 0.411377
0.184448 0.408203
0.153198 0.402344
0.146729 0.436768
0.97168 0.664063
0.931641 0.658203
0.931641 0.648926
0.153198 0.402344
0.184448 0.408203
0.191528 0.401611
0.152954 0.394043
0.938965 0.604004
0.986816 0.620117
0.932129 0.610352
0.932129 0.605469
0.87207 0.612305
0.869141 0.615234
0.114258 0.358887
0.0975952 0.363525
0.152954 0.358398
0.15271 0.352295
0.993164 0.626465
0.986816 0.620117
0.994141 0.615234
0.098938 0.368164
0.159302 0.314697
0.217407 0.312988
0.218628 0.306885
0.211426 0.306152
0.931641 0.637695
0.930176 0.636719
0.936035 0.638184
0.930176 0.636719
0.932129 0.631348
0.936035 0.638184
0.165161 0.29834
0.161621 0.297852
0.159302 0.314697
0.146973 0.384277
0.156738 0.383789
0.152954 0.372803
0.146973 0.384277
0.153198 0.388428
0.156738 0.383789
0.994141 0.615234
0.152954 0.363281
0.198853 0.391846
0.932129 0.615234
0.932129 0.615234
0.198853 0.391846
0.879883 0.647461
0.967285 0.666504
0.189331 0.406494
0.187744 0.411377
0.189331 0.406494
0.184448 0.408203
0.181885 0.443115
0.993164 0.626465
0.165161 0.29834
0.159302 0.314697
0.932129 0.783691
0.962891 0.782227
0.959961 0.754395
0.935059 0.756836
0.930176 0.850098
0.931641 0.876953
0.956543 0.882324
0.960938 0.85498
0.457031 0.461426
0.509766 0.461426
0.509766 0.423096
0.457031 0.423096
0.935547 0.751953
0.959961 0.75
0.958984 0.741699
0.936035 0.743164
0.962891 0.786133
0.931641 0.787109
0.931641 0.793457
0.931641 0.793457
0.963867 0.793945
0.962891 0.786133
0.930176 0.84082
0.930176 0.847168
0.961426 0.850586
0.962891 0.842773
0.958496 0.684082
0.934082 0.685059
0.93457 0.692871
0.95752 0.692383
0.917969 0.748535
0.916504 0.751465
0.935059 0.756836
0.935547 0.751953
0.959961 0.75
0.935547 0.751953
0.935059 0.756836
0.959961 0.754395
0.936035 0.743164
0.958984 0.741699
0.95752 0.692383
0.93457 0.692871
0.932129 0.783691
0.931641 0.787109
0.962891 0.786133
0.962891 0.782227
0.961426 0.850586
0.930176 0.847168
0.930176 0.850098
0.960938 0.85498
0.515137 0.472656
0.515137 0.461426
0.451172 0.472656
0.930176 0.84082
0.962891 0.842773
0.963867 0.793945
0.931641 0.793457
0.515137 0.423096
0.515137 0.412109
0.451172 0.412109
0.934082 0.685059
0.958496 0.684082
0.958496 0.679688
0.933594 0.680664
0.911133 0.682617
0.911133 0.687012
0.934082 0.685059
0.933594 0.680664
0.917969 0.748535
0.915527 0.741699
0.907715 0.78125
0.931641 0.787109
0.932129 0.783691
0.908203 0.775391
0.915527 0.741699
0.908203 0.694336
0.899902 0.841309
0.903809 0.790527
0.93457 0.692871
0.934082 0.685059
0.911133 0.687012
0.908203 0.694336
0.897949 0.851563
0.898926 0.857422
0.809082 0.224365
0.785645 0.194336
0.772949 0.189209
0.788086 0.250244
0.825684 0.256836
0.837891 0.256348
0.840332 0.187866
0.826172 0.250488
0.899902 0.841309
0.897949 0.851563
0.910645 0.874512
0.908203 0.884277
0.931641 0.876953
0.930176 0.850098
0.918945 0.76416
0.908203 0.775391
0.931641 0.793457
0.931641 0.787109
0.907715 0.78125
0.903809 0.790527
0.451172 0.423096
0.451172 0.461426
0.916504 0.751465
0.898926 0.857422
0.772949 0.189209
0.785645 0.194336
0.785156 0.188232
0.778809 0.25708
0.788086 0.250244
0.778809 0.25708
0.789551 0.256836
0.813477 0.191284
0.809082 0.224365
0.82666 0.192871
0.785645 0.194336
0.809082 0.224365
0.813477 0.191284
0.826172 0.250488
0.809082 0.224365
0.808594 0.254639
0.840332 0.187866
0.809082 0.224365
0.826172 0.250488
0.840332 0.187866
0.82666 0.192871
0.840332 0.187866
0.827637 0.186768
0.809082 0.224365
0.788086 0.250244
0.808594 0.254639
0.962891 0.782227
0.993164 0.780273
0.984863 0.751953
0.959961 0.754395
0.984863 0.751953
0.984375 0.748047
0.959961 0.75
0.959961 0.754395
0.959961 0.75
0.984375 0.748047
0.981934 0.740234
0.958984 0.741699
0.958984 0.741699
0.981934 0.740234
0.980469 0.691895
0.95752 0.692383
0.980469 0.691895
0.982422 0.683594
0.982422 0.683594
0.98291 0.679199
0.960938 0.85498
0.956543 0.882324
0.980957 0.887207
0.991211 0.859375
0.991211 0.859375
0.992188 0.854004
0.961426 0.850586
0.960938 0.85498
0.962891 0.842773
0.961426 0.850586
0.992188 0.854004
0.995117 0.844727
0.962891 0.842773
0.995117 0.844727
0.996582 0.794922
0.963867 0.793945
0.996582 0.794922
0.994141 0.785645
0.962891 0.786133
0.994141 0.785645
0.993164 0.780273
0.962891 0.782227
0.107727 0.926758
0.112549 0.901855
0.0803833 0.900391
0.0722656 0.924805
0.112122 0.803223
0.0787964 0.802734
0.0830688 0.827637
0.114685 0.827148
0.143311 0.925781
0.144653 0.901367
0.14502 0.804199
0.145874 0.828125
0.114319 0.895996
0.115967 0.887207
0.0856934 0.886719
0.0831909 0.89502
0.0702515 0.928711
0.0688477 0.936035
0.105652 0.9375
0.106506 0.930664
0.10614 0.981934
0.0689087 0.980469
0.0700684 0.987305
0.1073 0.988281
0.0863037 0.840332
0.116577 0.84082
0.115479 0.83252
0.0846558 0.83252
0.145142 0.895996
0.145752 0.887207
0.143188 0.936523
0.143311 0.929688
0.144775 0.980469
0.145508 0.987305
0.146118 0.841309
0.145874 0.833008
0.114319 0.895996
0.112549 0.901855
0.144653 0.901367
0.145142 0.895996
0.0831909 0.89502
0.0803833 0.900391
0.0856934 0.886719
0.115967 0.887207
0.116577 0.84082
0.0863037 0.840332
0.145752 0.887207
0.146118 0.841309
0.0169373 0.92041
0.0340576 0.927246
0.0368042 0.922363
0.0368042 0.922363
0.0200653 0.912598
0.0169373 0.92041
0.106506 0.930664
0.107727 0.926758
0.0722656 0.924805
0.0702515 0.928711
0.143311 0.929688
0.143311 0.925781
0.1073 0.988281
0.107544 0.992676
0.145752 0.991211
0.145508 0.987305
0.0700684 0.987305
0.0704956 0.991211
0.0689087 0.980469
0.10614 0.981934
0.105652 0.9375
0.0688477 0.936035
0.144775 0.980469
0.143188 0.936523
0.115479 0.83252
0.114685 0.827148
0.0830688 0.827637
0.0846558 0.83252
0.145874 0.833008
0.145874 0.828125
0.283447 0.834473
0.246094 0.804199
0.239014 0.828125
0.274902 0.838379
0.178955 0.924316
0.214844 0.922363
0.208618 0.898926
0.17688 0.900879
0.177856 0.805664
0.177002 0.828613
0.208008 0.828613
0.212036 0.805176
0.271973 0.883301
0.234741 0.885254
0.237183 0.893066
0.278076 0.885742
0.299561 0.921875
0.299072 0.912598
0.253906 0.923828
0.253906 0.923828
0.256348 0.929688
0.299561 0.921875
0.260742 0.973145
0.26001 0.979492
0.298096 0.975098
0.302734 0.967773
0.265625 0.842285
0.272217 0.838867
0.236694 0.833008
0.234375 0.840332
0.175903 0.895508
0.206543 0.894043
0.2052 0.88623
0.175659 0.887207
0.216919 0.92627
0.180054 0.928711
0.180908 0.935547
0.218628 0.932617
0.183472 0.979492
0.183838 0.986328
0.221924 0.98291
0.222168 0.976074
0.204956 0.84082
0.206421 0.833008
0.176147 0.833496
0.175537 0.841309
0.206543 0.894043
0.175903 0.895508
0.17688 0.900879
0.208618 0.898926
0.175659 0.887207
0.2052 0.88623
0.204956 0.84082
0.175537 0.841309
0.293945 0.907715
0.250732 0.92041
0.253906 0.923828
0.299072 0.912598
0.180054 0.928711
0.216919 0.92627
0.214844 0.922363
0.178955 0.924316
0.221924 0.98291
0.183838 0.986328
0.18396 0.990234
0.222046 0.986816
0.298096 0.979492
0.298096 0.975098
0.26001 0.979492
0.26001 0.983398
0.256348 0.929688
0.260742 0.973145
0.302734 0.967773
0.299561 0.921875
0.183472 0.979492
0.222168 0.976074
0.218628 0.932617
0.180908 0.935547
0.176147 0.833496
0.206421 0.833008
0.208008 0.828613
0.177002 0.828613
0.237183 0.893066
0.240356 0.897461
0.280762 0.88623
0.278076 0.885742
0.274902 0.838379
0.239014 0.828125
0.236694 0.833008
0.272217 0.838867
0.0310974 0.880371
0.052063 0.894043
0.0553589 0.88623
0.0319519 0.872559
0.0538025 0.832031
0.0514221 0.827637
0.019165 0.84082
0.02005 0.844238
0.0316467 0.979004
0.032135 0.93457
0.0137482 0.931152
0.00375557 0.956543
0.0482483 0.898438
0.052063 0.894043
0.0310974 0.880371
0.0279388 0.883301
0.0288849 0.898926
0.0482483 0.898438
0.0279388 0.883301
0.0267334 0.887695
0.0137482 0.931152
0.032135 0.93457
0.0340576 0.927246
0.0169373 0.92041
0.00587082 0.980469
0.00659561 0.98877
0.0328369 0.986328
0.0316467 0.979004
0.0560303 0.839844
0.0538025 0.832031
0.02005 0.844238
0.0195313 0.852051
0.0334473 0.990234
0.0328369 0.986328
0.00659561 0.98877
0.00659561 0.98877
0.00730896 0.992676
0.0334473 0.990234
0.0354004 0.0742798
0.0335999 0.102722
0.0121765 0.0948486
0.013031 0.0797729
0.0581665 0.104797
0.0335999 0.102722
0.0542297 0.0964355
0.0587463 0.0966797
0.0627441 0.0514526
0.0629272 0.0609131
0.0581055 0.0620117
0.0128784 0.0532532
0.571289 0.450195
0.599609 0.471191
0.595215 0.460938
0.597168 0.44458
0.571289 0.450195
0.569336 0.42334
0.546387 0.425049
0.546875 0.449707
0.600098 0.41626
0.569336 0.42334
0.595215 0.426025
0.601074 0.426025
0.541504 0.4729
0.546875 0.46167
0.541504 0.46167
0.00695038 0.102966
0.0073967 0.0947876
0.0354004 0.0742798
0.0554199 0.0795898
0.0200653 0.912598
0.0368042 0.922363
0.019165 0.84082
0.0514221 0.827637
0.0454712 0.802734
0.0266113 0.827148
0.546875 0.449707
0.571289 0.450195
0.597168 0.44458
0.293457 0.892578
0.280762 0.88623
0.240356 0.897461
0.250732 0.92041
0.293945 0.907715
0.234375 0.840332
0.234741 0.885254
0.271973 0.883301
0.0128784 0.0532532
0.00471115 0.0247345
0.0526123 0.0108414
0.0221863 0.8125
0.0155563 0.0675659
0.0354004 0.0742798
0.013031 0.0797729
0.0554199 0.0795898
0.0354004 0.0742798
0.0117416 0.0625
0.0128784 0.0532532
0.0162201 0.0625
0.541016 0.422607
0.569336 0.42334
0.541504 0.411621
0.541504 0.411621
0.569336 0.42334
0.600098 0.41626
0.0354004 0.0742798
0.00587082 0.980469
0.0627441 0.0514526
0.265625 0.842285
0.600098 0.460693
0.28125 0.816406
0.541016 0.422607
0.0155563 0.0675659
0.212036 0.805176
0.208008 0.828613
0.26001 0.983398
0.26001 0.979492
0.253906 0.923828
0.250732 0.92041
0.214844 0.922363
0.208618 0.898926
0.0722656 0.924805
0.0803833 0.900391
0.0787964 0.802734
0.0830688 0.827637
0.0560303 0.839844
0.0553589 0.88623
0.903809 0.758301
0.901855 0.771973
0.893555 0.778809
0.86377 0.755859
0.883789 0.856934
0.86377 0.881836
0.868164 0.854004
0.883301 0.854004
0.346924 0.421143
0.346924 0.380859
0.283203 0.380859
0.283203 0.421143
0.887695 0.795898
0.869629 0.795898
0.868164 0.787598
0.891602 0.788086
0.86377 0.751953
0.862305 0.744141
0.90625 0.74707
0.905273 0.754395
0.902344 0.700195
0.864746 0.697754
0.867188 0.689941
0.901855 0.692871
0.868164 0.850098
0.869629 0.841797
0.87793 0.841797
0.881836 0.849609
0.868164 0.787598
0.868652 0.783691
0.891113 0.783691
0.891602 0.788086
0.887695 0.795898
0.87793 0.841797
0.869629 0.841797
0.869629 0.795898
0.901855 0.692871
0.867188 0.689941
0.867188 0.685547
0.901855 0.688477
0.276367 0.433105
0.354004 0.433105
0.283203 0.421143
0.276367 0.421143
0.864746 0.697754
0.902344 0.700195
0.900391 0.723145
0.862305 0.744141
0.276367 0.380859
0.354004 0.368896
0.276367 0.368896
0.868164 0.850098
0.881836 0.849609
0.883301 0.854004
0.868164 0.854004
0.86377 0.755859
0.86377 0.751953
0.905273 0.754395
0.903809 0.758301
0.533691 0.620605
0.569824 0.62207
0.540527 0.60791
0.534668 0.60791
0.571777 0.580078
0.569824 0.62207
0.597656 0.609863
0.598145 0.58252
0.542969 0.558105
0.545898 0.571777
0.571777 0.580078
0.538574 0.541016
0.597656 0.537109
0.538574 0.541016
0.59375 0.554688
0.599609 0.552246
0.538574 0.541016
0.571777 0.580078
0.595703 0.559082
0.59375 0.554688
0.603516 0.623047
0.603516 0.610352
0.597656 0.609863
0.569824 0.62207
0.571777 0.580078
0.541992 0.583496
0.891113 0.783691
0.868652 0.783691
0.895996 0.864258
0.898438 0.879395
0.354004 0.433105
0.354004 0.380859
0.354004 0.421143
0.541992 0.583496
0.571777 0.580078
0.545898 0.571777
0.598145 0.58252
0.537598 0.558594
0.90625 0.74707
TEXTURE-FACE = 792
80 82 81
39 41 38
38 40 39
40 87 86
74 76 75
36 70 35
35 37 36
10 12 11
12 10 13
13 18 12
18 13 19
20 18 19
18 20 21
71 73 72
0 2 1
2 0 3
1190 1192 1191
1190 1210 1192
1180 1164 1181
1164 1180 1163
1162 1164 1163
1164 1162 1165
67 69 68
1160 1214 1159
1158 1160 1159
1160 1158 1161
64 66 65
1150 1152 1151
1152 1150 1153
1153 1198 1152
1197 1152 1198
61 63 62
1171 1148 1172
1148 1171 1147
1146 1148 1147
1148 1146 1149
58 60 59
1169 1144 1170
1144 1169 1143
1142 1144 1143
1144 1142 1145
55 57 56
1080 1082 1081
1082 1080 1083
1068 1070 1069
1070 1068 1071
932 934 933
934 932 935
926 928 927
928 926 929
922 924 923
924 922 925
918 920 919
920 918 921
914 916 915
916 914 917
906 908 907
908 906 909
902 904 903
904 902 905
898 900 899
900 898 901
894 896 895
896 894 897
802 804 803
804 802 805
794 796 795
796 794 797
790 792 791
792 790 793
786 788 787
788 786 789
786 910 789
910 786 911
764 766 765
766 764 767
724 718 719
717 719 718
719 717 720
52 54 53
752 708 709
707 709 708
709 707 710
49 51 50
700 702 701
702 700 703
703 700 756
656 658 657
658 656 659
658 659 746
42 44 43
646 648 647
648 646 649
649 646 749
643 636 644
636 643 645
636 645 635
635 637 636
637 635 638
604 605 634
604 606 605
602 607 601
601 603 602
599 597 575
597 599 600
575 577 576
577 575 578
578 575 597
596 578 597
578 596 598
31 30 32
30 28 79
30 31 28
31 27 28
26 28 27
28 26 29
47 45 48
45 47 46
7 46 47
46 7 8
7 9 8
585 587 586
587 585 588
559 561 560
561 559 562
562 589 561
589 562 590
562 559 632
4 6 5
555 557 556
557 555 558
513 515 514
515 513 516
497 499 498
499 497 500
489 491 490
491 489 492
511 492 489
492 511 512
511 489 550
485 487 486
487 485 488
477 479 478
479 477 480
473 475 474
475 473 476
475 476 547
547 476 548
469 471 470
471 469 472
419 421 418
418 420 419
420 467 466
1322 1324 1323
416 450 415
415 417 416
402 404 403
404 402 405
405 402 457
405 457 458
1156 1212 1155
1167 1166 1168
1166 1167 1155
1167 1154 1155
1154 1156 1155
1156 1154 1157
1154 1167 1179
394 396 395
396 394 397
397 413 396
413 397 414
414 468 413
1205 1207 1206
390 392 391
392 390 393
393 398 392
398 393 399
400 398 399
398 400 401
1202 1204 1203
380 382 381
382 380 383
344 338 339
337 339 338
339 337 340
1199 1201 1200
1201 1208 1200
1201 1215 1208
320 322 321
322 320 323
323 320 376
315 345 314
314 316 315
310 312 311
312 310 313
302 304 303
304 302 305
304 305 367
1194 1196 1195
298 300 299
300 298 301
301 298 368
288 290 289
290 288 291
335 290 291
290 335 336
1182 1184 1183
1186 1185 1182
1184 1182 1185
1222 1184 1185
1184 1222 1223
377 308 309
285 309 308
309 285 286
284 286 285
286 284 287
1120 1174 1173
1224 1121 1225
1121 1224 1174
1174 1120 1121
1120 1122 1121
1122 1120 1123
280 282 281
282 280 283
280 306 283
306 280 307
276 278 277
278 276 279
278 279 366
1139 1141 1140
266 268 267
268 266 269
269 266 369
263 256 264
256 263 265
256 265 255
255 257 256
257 255 258
219 217 195
217 219 220
195 197 196
197 195 198
198 195 217
216 198 217
198 216 218
1030 1032 1031
205 207 206
207 205 208
179 181 180
181 179 182
182 209 181
209 182 210
182 179 252
1016 1014 1017
1216 1016 1217
1016 1216 1015
1014 1016 1015
1015 1213 1014
175 177 176
177 175 178
133 135 134
135 133 136
117 119 118
119 117 120
109 111 110
111 109 112
131 112 109
112 131 132
131 109 170
105 107 106
107 105 108
97 99 98
99 97 100
93 95 94
95 93 96
95 96 167
167 96 168
89 91 90
91 89 92
14 16 15
16 14 17
17 33 16
33 17 34
34 88 33
987 989 988
1309 1311 1310
1311 1309 1312
1307 1325 1306
1305 1307 1306
1307 1305 1308
891 893 892
1301 1303 1302
1303 1301 1304
1297 1299 1298
1299 1297 1300
1297 1326 1300
1293 1295 1294
1295 1293 1296
1313 1291 1314
1291 1313 1290
1289 1291 1290
1291 1289 1292
888 890 889
1285 1287 1286
1287 1285 1288
1281 1283 1282
1283 1281 1284
1278 1279 1240
1279 1278 1280
1239 1279 1320
1240 1279 1239
1238 1240 1239
1240 1238 1241
1238 1319 1241
1319 1238 1321
884 886 885
1274 1276 1275
1276 1274 1277
1277 1327 1276
881 883 882
1270 1272 1271
1272 1270 1273
1266 1268 1267
1268 1266 1269
1262 1264 1263
1264 1262 1265
1258 1260 1259
1260 1258 1261
1254 1256 1255
1256 1254 1257
1250 1252 1251
1252 1250 1253
1246 1248 1247
1248 1246 1249
1242 1244 1243
1244 1242 1245
860 862 861
862 860 863
858 760 859
760 858 763
762 760 763
760 762 761
763 858 866
854 856 855
856 854 857
857 854 867
784 782 785
782 784 783
783 852 782
852 783 853
848 850 849
850 848 851
844 846 845
846 844 847
846 847 871
878 880 879
838 840 839
840 838 841
830 832 831
832 830 833
824 826 825
826 824 827
695 725 694
694 696 695
690 692 691
692 690 693
224 225 254
224 226 225
222 227 221
221 223 222
757 688 689
665 689 688
689 665 666
664 666 665
666 664 667
875 877 876
877 887 876
872 874 873
686 660 687
660 686 663
662 660 663
660 662 661
868 870 869
682 684 683
684 682 685
684 685 747
812 865 768
817 819 818
819 817 770
770 771 819
770 768 771
768 770 769
768 769 812
769 810 812
810 769 811
771 864 819
779 781 780
781 930 780
930 781 931
678 680 679
680 678 681
681 678 748
1230 1232 1231
1232 1230 1233
1316 1232 1233
1232 1316 1315
776 778 777
1024 1022 1025
1022 1024 1023
1023 946 1022
946 1023 947
943 946 947
946 943 940
942 940 943
940 942 941
699 759 758
697 699 698
753 755 754
676 640 677
640 676 639
639 641 640
641 639 642
639 676 750
741 743 742
672 674 673
674 672 675
675 672 706
706 704 675
704 706 705
751 704 705
738 740 739
1218 1076 1219
1076 1218 1079
1078 1076 1079
1076 1078 1077
1078 999 1077
999 1078 998
998 996 999
996 998 997
997 1000 996
1000 997 1001
1001 1137 1000
1137 1001 1136
1136 1138 1137
1187 1211 1189
1187 1189 1188
1065 1187 1188
1187 1065 1066
1064 1066 1065
1066 1064 1067
1064 983 1067
983 1064 982
982 980 983
980 982 979
978 980 979
980 978 981
978 1228 981
1228 978 1229
735 737 736
1040 1042 1041
1042 1040 1043
1043 1057 1042
1057 1043 1056
1056 1058 1057
1058 1056 1059
970 1058 1059
1058 970 971
961 971 970
971 961 962
960 962 961
962 960 963
960 1133 963
1133 960 1132
1132 1134 1133
1134 1132 1135
1052 1054 1053
1054 1052 1055
1055 1037 1054
1037 1055 1036
1036 1038 1037
1038 1036 1039
1128 1130 1129
1130 1128 1131
957 1130 1131
1130 957 958
956 958 957
958 956 959
968 959 956
959 968 969
968 1053 969
1053 968 1052
1118 1116 1119
1116 1118 1117
1117 977 1116
977 1117 976
976 973 977
973 976 972
972 974 973
974 972 975
975 1062 974
1062 975 1061
1060 1062 1061
1062 1060 1063
1060 1097 1063
1097 1060 1096
1096 1098 1097
1098 1096 1099
732 734 733
948 950 949
950 948 951
951 1106 950
1106 951 1105
1104 1106 1105
1106 1104 1107
1028 1026 1029
1026 1028 1027
1045 1027 1028
1027 1045 1046
1044 1046 1045
1046 1044 1047
1044 965 1047
965 1044 964
964 949 965
949 964 948
1088 1007 1091
1090 1088 1091
1088 1090 1089
1084 1089 1090
1089 1084 1085
1084 1086 1085
1086 1084 1087
1112 1209 1115
1114 1112 1115
1112 1114 1113
1113 1002 1112
1002 1113 1005
1004 1002 1005
1002 1004 1003
1004 1006 1003
1006 1004 1007
1007 1088 1006
1110 1108 1111
1108 1110 1109
1109 1011 1108
1011 1109 1010
1010 1008 1011
1008 1010 1009
1009 1012 1008
1012 1009 1013
1013 1092 1012
1092 1013 1095
1094 1092 1095
1092 1094 1093
1101 1093 1094
1093 1101 1102
1100 1102 1101
1102 1100 1103
1126 1124 1127
1124 1126 1125
1126 953 1125
953 1126 952
952 954 953
954 952 955
955 966 954
966 955 967
967 1050 966
1050 967 1049
1048 1050 1049
1050 1048 1051
1048 1034 1051
1034 1048 1033
1033 1035 1034
729 731 730
984 986 985
986 993 985
993 986 992
992 990 993
990 992 991
991 994 990
994 991 995
995 1072 994
1072 995 1075
1074 1072 1075
1072 1074 1073
1221 1073 1074
1073 1221 1220
25 77 78
25 22 77
24 22 25
22 24 23
259 296 370
260 296 259
259 261 260
261 259 262
296 260 297
371 324 325
324 326 325
326 324 295
295 292 326
294 292 295
292 294 293
670 715 716
715 670 671
670 668 671
668 670 669
726 728 727
816 836 837
836 816 813
815 813 816
813 815 814
821 913 912
913 821 822
820 822 821
822 820 823
1018 1020 1019
1020 1018 1021
1018 945 1021
945 1018 944
944 937 945
937 944 936
936 938 937
938 936 939
721 723 722
1177 1178 1193
1177 1175 1178
1175 1177 1176
1226 1176 1177
1176 1226 1227
1234 1318 1317
1318 1234 1235
1234 1236 1235
1236 1234 1237
712 744 711
711 713 712
713 711 714
372 328 329
327 329 328
329 327 330
517 481 482
481 483 482
483 481 484
653 655 654
654 655 745
650 652 651
772 774 773
774 772 775
828 775 772
775 828 829
798 800 799
800 798 801
834 801 798
801 834 835
808 806 809
806 808 807
808 842 807
842 808 843
629 631 630
83 85 84
626 628 627
137 101 102
101 103 102
103 101 104
623 625 624
146 113 114
113 115 114
115 113 116
620 622 621
153 125 154
154 125 126
125 122 126
122 125 121
121 123 122
123 121 124
617 619 618
128 169 127
127 129 128
129 127 130
614 616 615
138 140 139
611 613 612
145 141 142
141 143 142
143 141 144
143 144 174
147 149 148
608 610 609
150 152 151
579 583 584
583 579 580
579 581 580
581 579 582
155 157 156
572 594 595
594 572 573
572 574 573
573 574 633
569 571 570
158 160 159
566 568 567
567 568 592
591 592 568
592 591 593
563 565 564
161 163 162
551 553 552
164 166 165
544 546 545
171 173 172
541 543 542
183 185 184
538 540 539
186 188 187
187 188 212
211 212 188
212 211 213
189 191 190
535 537 536
192 214 215
214 192 193
192 194 193
193 194 253
199 203 204
203 199 200
199 201 200
201 199 202
530 532 531
228 230 229
527 529 528
231 233 232
525 521 522
521 523 522
523 521 524
523 524 554
518 520 519
234 236 235
508 549 507
507 509 508
509 507 510
237 239 238
533 505 534
534 505 506
505 502 506
502 505 501
501 503 502
503 501 504
240 242 241
526 493 494
493 495 494
495 493 496
243 245 244
463 465 464
246 248 247
460 462 461
249 251 250
410 408 459
411 410 412
410 411 408
411 407 408
406 408 407
408 406 409
270 272 271
454 456 455
273 275 274
274 275 365
317 319 318
319 379 378
332 364 331
331 333 332
333 331 334
451 453 452
341 343 342
447 449 448
346 348 347
444 446 445
349 351 350
441 443 442
352 354 353
438 440 439
355 357 356
435 437 436
358 360 359
432 434 433
361 363 362
429 431 430
373 375 374
422 424 423
384 386 385
427 425 428
425 427 426
387 426 427
426 387 388
387 389 388
ATTRIBUTE_COUNT = 0
VERTEXWEIGHT = 0
BONEOBJECT_COUNT = 0
